01/02/2013,24.89,25.23,24.3,25.16,19062262
01/03/2013,24.94,24.94,24.34,24.74,22664156
01/04/2013,24.48,24.86,24.41,24.51,29249071
01/07/2013,24.34,25.26,24.34,24.56,24172600
01/08/2013,24.44,24.69,23.77,24.03,24239720
01/09/2013,23.95,24.19,23.95,24.14,26168464
01/10/2013,23.77,24.23,23.75,24.21,21740578
01/11/2013,24.22,24.45,24.05,24.4,15036969
01/14/2013,24.53,24.7,24.37,24.61,15577530
01/15/2013,24.31,25.04,24.31,24.95,18043986
01/16/2013,24.86,25.63,24.84,25.61,22468741
01/17/2013,25.78,26.46,25.78,26.35,19090186
01/18/2013,26.28,26.91,26,26.81,24362932
01/22/2013,26.75,26.86,25.91,26.26,21501597
01/23/2013,26.62,27.29,26.32,27.27,13553306
01/24/2013,27.25,27.78,26.85,27,14972446
01/25/2013,27.06,27.29,26.42,27.12,12124148
01/28/2013,27.31,27.31,26.42,26.52,9637562
01/29/2013,26.46,27.01,26.14,26.9,12081225
01/30/2013,26.55,27.06,26.55,26.63,14519071
01/31/2013,26.62,26.63,26.15,26.51,14692724
02/01/2013,26.57,26.83,26.34,26.81,12865718
02/04/2013,26.42,26.9,26.36,26.89,8771758
02/05/2013,26.99,27.21,26.81,26.85,9768766
02/06/2013,26.65,26.88,26.58,26.78,7819162
02/07/2013,27.09,27.09,25.82,26.26,13607347
02/08/2013,26.23,26.26,25.83,26.14,18763017
02/11/2013,26.05,26.09,25.78,25.84,8321658
02/12/2013,25.79,25.89,25.38,25.55,10213397
02/13/2013,25.54,25.65,25.35,25.43,6638187
02/14/2013,25.28,26.49,25.25,26.37,8548719
02/15/2013,26.88,27.27,26.63,27.09,17628771
02/19/2013,27.07,27.64,26.76,27.53,10825369
02/20/2013,27.52,28.22,27.12,27.83,11039940
02/21/2013,27.76,28.15,27.54,27.95,9729182
02/22/2013,27.97,28.02,27.5,27.73,6146005
02/25/2013,27.79,27.84,26.95,26.97,6138674
02/26/2013,27.11,27.11,26.65,26.75,6056084
02/27/2013,26.66,26.67,26.25,26.49,14047657
02/28/2013,26.44,26.78,26.32,26.62,10401631
03/01/2013,26.54,27.45,26.36,27.28,9315092
03/04/2013,27.06,27.58,27.06,27.58,7444771
03/05/2013,27.73,27.81,26.89,27.04,7988059
03/06/2013,27.09,27.3,26.95,27.21,7518803
03/07/2013,27.15,27.41,27,27.03,6095089
03/08/2013,27.14,27.15,26.8,26.91,5657364
03/11/2013,26.86,27.51,26.74,27.16,6183814
03/12/2013,27.19,27.62,26.72,26.81,8863651
03/13/2013,26.83,27.11,26.71,26.79,5054232
03/14/2013,26.99,27.11,26.58,27.08,12598690
03/15/2013,26.93,27.79,26.88,27.76,15968445
03/18/2013,27.44,27.76,27.4,27.53,7006326
03/19/2013,27.61,27.69,27.29,27.66,6937257
03/20/2013,27.76,28.26,27.7,28.17,9642217
03/21/2013,27.99,28.1,27.75,27.76,6476159
03/22/2013,27.81,28.1,27.62,28.1,4400860
03/25/2013,28.21,28.5,28.07,28.36,8089612
03/26/2013,28.53,29.22,28.53,29,9634084
03/27/2013,29,29.05,28.6,28.94,5861166
03/28/2013,29.03,29.42,28.68,29.39,9760716
04/01/2013,28.82,29.67,28.82,29.65,7686746
04/02/2013,29.72,29.72,29.22,29.34,6904703
04/03/2013,29.39,29.89,29.1,29.26,5517559
04/04/2013,29.4,30.13,29.29,30.01,10712876
04/05/2013,29.79,29.93,29.63,29.78,5146976
04/08/2013,29.76,30.19,29.62,30.11,7044174
04/09/2013,30.26,31.41,30.14,30.68,11598412
04/10/2013,30.76,31.56,30.65,31.45,10491444
04/11/2013,31.6,31.81,31.38,31.44,8602250
04/12/2013,31.27,31.51,31.02,31.38,5648304
04/15/2013,31.2,31.32,30.14,30.17,8939367
04/16/2013,30.33,30.95,29.93,30.9,9228036
04/17/2013,30.67,30.88,30.15,30.75,6753977
04/18/2013,30.84,31.03,30.49,30.79,6026466
04/19/2013,30.94,30.99,30.71,30.88,8734123
04/22/2013,31.29,32.63,31.21,32.16,11527348
04/23/2013,32.47,33.71,32.31,32.85,12630276
04/24/2013,32.85,33,31.98,32.26,7516732
04/25/2013,32.58,32.6,31.85,32.22,6987537
04/26/2013,32.71,33.7,32.57,33.37,13446813
04/29/2013,33.35,33.43,32.79,32.92,7943351
04/30/2013,32.79,33.65,32.76,33.49,8862520
05/01/2013,33.29,33.54,33.15,33.16,8613600
05/02/2013,33.25,33.25,31.92,32.02,11885606
05/03/2013,32.25,32.58,31.9,32.52,6131027
05/06/2013,32.71,32.71,32.13,32.44,5168168
05/07/2013,32.39,32.75,32.33,32.7,5063446
05/08/2013,32.76,32.79,31.58,31.64,9125932
05/09/2013,31.54,32.35,31.48,32.2,6642903
05/10/2013,32.18,32.76,32.17,32.75,5988507
05/13/2013,32.6,32.6,32.15,32.42,5005151
05/14/2013,32.09,33.13,32.09,33,7804828
05/15/2013,33.27,34.16,33.1,33.51,8869415
05/16/2013,33.52,34.13,33.49,33.63,6121752
05/17/2013,33.5,34.45,33.37,34.33,7069711
05/20/2013,34.29,34.31,33.53,33.67,4766145
05/21/2013,33.62,34.18,33.6,33.86,6313563
05/22/2013,33.81,34.93,33.37,34.03,7004788
05/23/2013,33.44,34.17,33.44,33.92,4123432
05/24/2013,33.66,33.83,32.98,33.08,6010421
05/28/2013,33.4,33.51,32.53,33.03,8317420
05/29/2013,32.67,32.88,31.87,31.94,8284508
05/30/2013,32.1,32.84,32.06,32.42,6474800
05/31/2013,32.22,32.52,31.07,31.08,11532569
06/03/2013,31.21,31.72,31.11,31.56,9570723
06/04/2013,31.6,32.36,31.57,31.76,5998960
06/05/2013,31.65,31.95,31.07,31.32,6430475
06/06/2013,31.46,31.71,31.04,31.66,5515399
06/07/2013,31.82,32.22,31.66,32.02,7262603
06/10/2013,32.26,32.26,31.46,31.96,6057526
06/11/2013,31.52,32.06,31.33,31.73,4830340
06/12/2013,31.96,32.02,31.09,31.12,5084240
06/13/2013,30.87,31.44,29.18,31.4,8078040
06/14/2013,31.28,31.66,30.93,31.43,5096457
06/17/2013,31.59,31.66,31.06,31.31,4516527
06/18/2013,31.27,31.7,31.03,31.7,4777432
06/19/2013,31.7,31.9,31.3,31.33,4742212
06/20/2013,31.04,31.13,29.77,29.88,9728576
06/21/2013,30.32,31.08,29.98,30.97,13080903
06/24/2013,30.62,30.86,30.08,30.48,8105621
06/25/2013,30.68,31.13,30.28,31.04,6318714
06/26/2013,31.37,31.74,31.31,31.58,5941071
06/27/2013,31.66,32.01,31.1,31.4,6317685
06/28/2013,30.93,31.27,30.09,30.09,14075604
07/01/2013,30.13,30.52,29.89,30.28,6030750
07/02/2013,30.26,30.98,30.26,30.71,5602664
07/03/2013,30.48,30.79,30.28,30.74,3254050
07/05/2013,30.89,31.17,30.79,31.11,3736556
07/08/2013,31.22,31.8,31.16,31.78,5140056
07/09/2013,32.02,32.19,31.48,31.54,5092832
07/10/2013,31.56,32.11,31.56,31.96,4133849
07/11/2013,32.27,32.4,31.83,32.15,5416798
07/12/2013,32.27,33.13,32.17,33.07,7668314
07/15/2013,33.01,33.03,32.71,32.76,4255823
07/16/2013,32.71,32.88,32.1,32.18,4988752
07/17/2013,32.3,32.43,32.13,32.27,4903915
07/18/2013,32.29,32.73,32.18,32.54,4053028
07/19/2013,32.68,32.99,32.41,32.71,5412061
07/22/2013,32.54,33.13,32.17,33.03,5108459
07/23/2013,32.99,33.12,32.49,32.54,4804181
07/24/2013,32.52,32.59,31.87,32.06,4180014
07/25/2013,31.88,32.63,31.84,32.48,5443215
07/26/2013,33.14,33.14,32.38,32.84,5965861
07/29/2013,32.85,33.38,32.66,33.1,5689222
07/30/2013,33.11,33.22,32.46,32.82,4845143
07/31/2013,32.93,33.72,32.91,33.42,8123496
08/01/2013,33.15,33.71,33.08,33.24,4869878
08/02/2013,33.13,33.36,32.91,33.29,4284684
08/05/2013,33.09,33.32,32.68,32.84,4004336
08/06/2013,32.63,33.04,32.63,32.95,5739511
08/07/2013,32.83,32.95,32.48,32.74,4457701
08/08/2013,32.95,33.18,32.77,33.08,3828837
08/09/2013,32.98,33.05,32.66,32.83,4450958
08/12/2013,32.84,33.2,32.6,33.08,4752264
08/13/2013,33.14,33.18,32.82,33.01,3732800
08/14/2013,32.95,33.22,32.65,32.74,3919339
08/15/2013,32.76,32.77,31.68,31.74,5744305
08/16/2013,31.54,31.69,31.16,31.59,8170943
08/19/2013,31.59,32.18,31.55,31.85,4460338
08/20/2013,31.8,31.94,31.47,31.55,3754154
08/21/2013,31.45,31.49,31.03,31.08,5274750
08/22/2013,31.16,31.66,31.06,31.52,5025138
08/23/2013,31.59,31.95,31.47,31.89,3479977
08/26/2013,31.9,32.13,31.72,31.91,4722205
08/27/2013,31.6,31.65,31.29,31.32,6031992
08/28/2013,31.24,31.44,31.11,31.28,3952473
08/29/2013,31.08,31.65,31.04,31.31,3545199
08/30/2013,31.41,31.6,31.07,31.28,4133351
09/03/2013,31.58,31.79,31.08,31.27,3877072
09/04/2013,31.29,31.69,31.28,31.67,4029668
09/05/2013,31.6,32.07,31.58,31.95,4480893
09/06/2013,31.97,32.57,31.5,32.24,5354544
09/09/2013,32.23,32.64,31.95,32.62,4245265
09/10/2013,32.74,32.91,32.39,32.89,5631419
09/11/2013,32.91,33.03,32.6,33.01,4615369
09/12/2013,32.93,33.01,32.68,32.83,3394543
09/13/2013,32.84,32.97,32.63,32.96,2948078
09/16/2013,33.29,33.75,33.19,33.65,4751862
09/17/2013,33.73,35.03,33.69,34.96,9824570
09/18/2013,34.66,35.56,34.44,35.2,8974491
09/19/2013,35.41,35.42,34.75,34.84,7019428
09/20/2013,34.86,35.26,34.76,35.07,12376766
09/23/2013,34.93,34.93,34.47,34.59,4241300
09/24/2013,34.48,34.48,33.74,33.78,8492964
09/25/2013,33.83,33.9,33.07,33.3,6032357
09/26/2013,33.29,33.51,32.91,33.05,6718451
09/27/2013,32.88,32.98,32.33,32.57,8795864
09/30/2013,32.99,33.01,32.34,32.88,7712846
10/01/2013,32.91,33.71,32.91,33.66,5534445
10/02/2013,33.3,33.76,33.14,33.73,5172004
10/03/2013,33.49,34.04,33.13,33.8,9460740
10/04/2013,33.92,34.43,33.79,34.37,5487500
10/07/2013,33.87,34.51,33.86,33.86,6322859
10/08/2013,34,34.02,32.6,32.71,9334755
10/09/2013,32.86,33.28,32.55,32.91,6626926
10/10/2013,33.42,33.85,32.99,33.85,5203547
10/11/2013,33.87,33.87,33.32,33.84,3937557
10/14/2013,33.5,34.42,33.4,34.34,4404948
10/15/2013,34.13,34.37,33.91,34.16,4731413
10/16/2013,34.32,35.03,34.24,34.87,5753975
10/17/2013,34.75,35.81,34.75,35.71,9511190
10/18/2013,35.85,36.28,35.4,35.82,12102124
10/21/2013,35.63,35.98,35.39,35.82,6156981
10/22/2013,35.84,36.54,35.65,36.31,8847035
10/23/2013,36.14,36.21,35.78,35.82,5526508
10/24/2013,36.04,36.3,35.38,35.54,6563528
10/25/2013,36.39,36.93,35.99,36.54,9205649
10/28/2013,36.41,37.03,36.29,36.62,7265142
10/29/2013,36.67,37.2,36.67,36.88,6553514
10/30/2013,36.74,36.74,36.11,36.17,5144916
10/31/2013,36.08,36.31,35.9,35.91,5744681
11/01/2013,36.05,36.56,35.95,36.3,5030969
11/04/2013,36.45,36.45,35.57,36.14,5402685
11/05/2013,36.01,36.14,35.59,35.7,5447165
11/06/2013,35.93,36.12,35.57,35.62,5645310
11/07/2013,35.71,35.84,34.96,35.02,5837511
11/08/2013,34.93,35.65,34.71,35.59,6780959
11/11/2013,35.74,36.07,35.71,35.99,3015277
11/12/2013,35.91,35.93,35.04,35.18,6654146
11/13/2013,35.1,35.52,35.05,35.47,4903740
11/14/2013,35.56,35.92,35.34,35.59,4449668
11/15/2013,35.59,36.13,35.57,35.9,8395366
11/18/2013,36.23,37.03,36.11,36.22,11525817
11/19/2013,36.11,36.31,35.85,35.91,5193173
11/20/2013,35.88,35.97,35.45,35.54,4105608
11/21/2013,35.78,36.07,35.57,36,5960401
11/22/2013,36.05,36.42,36,36.26,7486654
11/25/2013,36.31,36.52,35.81,35.88,4438723
11/26/2013,35.85,36.45,35.8,36.02,5636243
11/27/2013,36.19,36.28,35.75,35.75,4582596
11/29/2013,35.89,36.26,35.62,35.91,5382843
12/02/2013,35.94,36.08,35.59,35.86,5757500
12/03/2013,36.41,37.25,36.29,37.03,11699909
12/04/2013,36.96,37.27,36.54,36.82,6954171
12/05/2013,36.62,37.11,36.35,36.88,7162219
12/06/2013,37.21,38.17,37.09,38.06,9754563
12/09/2013,38.13,38.4,37.63,37.97,6858607
12/10/2013,37.98,40.12,37.59,38.64,18582696
12/11/2013,39.03,39.46,38.55,39.03,13604984
12/12/2013,38.95,39,38.39,38.84,9742679
12/13/2013,38.76,38.98,38.42,38.82,7844460
12/16/2013,39.71,40.6,39.26,39.54,12254849
12/17/2013,39.6,39.96,39.28,39.75,9722873
12/18/2013,39.12,40.34,38.7,40.29,12105526
12/19/2013,39.43,39.43,38.55,39.01,10840066
12/20/2013,39.11,39.29,38.75,38.93,15388359
12/23/2013,39.05,39.23,38.72,38.98,5836474
12/24/2013,39.12,39.12,38.74,38.8,2197742
12/26/2013,38.79,39.32,38.79,39.27,3005481
12/27/2013,39.22,39.32,38.82,38.95,2972575
12/30/2013,39.08,39.3,38.98,39.29,3641518
12/31/2013,39.27,39.32,38.8,39.13,3758508
01/02/2014,38.63,38.78,38.18,38.51,5723289
01/03/2014,38.73,39.03,38.52,38.77,6180140
01/06/2014,39,39.06,37.08,37.34,15025875
01/07/2014,37.68,37.95,37.28,37.41,12037219
01/08/2014,37.52,37.88,37.23,37.31,8541938
01/09/2014,37.46,38.28,36.96,37.97,8867066
01/10/2014,38.05,38.16,37.62,37.73,6439928
01/13/2014,37.84,37.9,37.08,37.21,9075159
01/14/2014,37.3,38.01,37.07,37.79,8417747
01/15/2014,37.82,37.85,37.38,37.41,5949711
01/16/2014,37.42,37.81,37.36,37.73,6332080
01/17/2014,37.83,37.84,37.36,37.5,11202753
01/21/2014,37.54,38.04,37.28,37.36,7348402
01/22/2014,37.33,37.35,36.32,36.66,10403070
01/23/2014,36.41,36.65,36.15,36.5,8631596
01/24/2014,36.27,36.68,35.68,35.73,11682438
01/27/2014,35.7,35.73,34.67,34.97,13639392
01/28/2014,35.17,36.21,35.17,35.62,15839936
01/29/2014,35.18,35.73,35.09,35.57,9593818
01/30/2014,35.83,36.51,35.78,36.09,9792416
01/31/2014,37.32,37.76,36.65,36.77,16389681
02/03/2014,36.9,36.97,35.15,35.38,13165494
02/04/2014,35.24,35.83,35.07,35.82,12331319
02/05/2014,35.68,35.91,35.22,35.65,8729232
02/06/2014,35.77,35.99,35.44,35.79,6108235
02/07/2014,35.86,36.62,35.6,36.52,8926111
02/10/2014,36.41,37.49,36.39,37,9745238
02/11/2014,36.91,37.33,36.63,37.09,9145306
02/12/2014,37.07,38.04,37.04,37.77,8343596
02/13/2014,37.57,37.74,37.26,37.61,6039681
02/14/2014,37.77,38.03,37.48,37.9,5124267
02/18/2014,37.83,38.51,37.77,38.43,6270180
02/19/2014,38.22,38.74,37.83,38.23,6689516
02/20/2014,38.24,38.92,37.89,38.75,7725030
02/21/2014,38.71,38.82,38.1,38.11,7154040
02/24/2014,38.1,38.51,37.97,37.98,7212097
02/25/2014,38.04,38.19,37.72,37.89,6778955
02/26/2014,37.31,38.07,37.3,37.89,7284424
02/27/2014,37.8,38.04,37.7,38.02,6398734
02/28/2014,37.98,38.81,37.73,38.02,8226180
03/03/2014,37.6,37.99,37.19,37.43,8542584
03/04/2014,37.96,38.64,37.75,38.54,7790976
03/05/2014,38.6,38.93,38.32,38.61,6322308
03/06/2014,38.87,39.42,38.82,38.88,8131540
03/07/2014,39.03,39.22,38.1,38.44,7427259
03/10/2014,38.77,38.77,37.99,38.59,3869016
03/11/2014,38.6,38.95,38.47,38.66,4609533
03/12/2014,38.44,38.65,38.15,38.57,4822326
03/13/2014,38.7,38.92,38.2,38.33,6108647
03/14/2014,38.24,38.41,37.95,38.24,6975517
03/17/2014,38.45,38.98,38.29,38.82,4893379
03/18/2014,38.9,39.75,38.82,39.66,5849154
03/19/2014,39.66,39.99,39.17,39.7,7986126
03/20/2014,39.48,40.19,39.23,40.1,8581751
03/21/2014,40.5,40.88,39.66,39.9,16384108
03/24/2014,39.99,40.05,38.36,38.37,12628584
03/25/2014,38.6,38.92,38.47,38.62,7504097
03/26/2014,38.84,39.1,38.44,38.47,7125699
03/27/2014,38.49,38.72,38.42,38.59,5698398
03/28/2014,38.69,38.94,38.01,38.09,5298018
03/31/2014,38.35,38.62,38.06,38.39,6001197
04/01/2014,38.56,39.13,38.5,38.91,5341672
04/02/2014,38.92,39.9,38.83,39.84,7497429
04/03/2014,39.85,40.21,39.74,39.96,8497606
04/04/2014,40.17,40.66,38.88,39.01,8647107
04/07/2014,38.6,39.07,37.09,37.81,11319875
04/08/2014,37.61,38,36.55,36.68,10264802
04/09/2014,36.97,37.92,36.8,37.83,7404600
04/10/2014,37.41,37.55,35.32,35.38,15850888
04/11/2014,35.11,35.58,34.29,35.01,14358303
04/14/2014,35.5,35.8,34.82,35.29,9030635
04/15/2014,35.74,36.24,35.25,36.07,11963859
04/16/2014,36.61,36.81,35.89,36.26,8835968
04/17/2014,36.11,36.76,35.96,36.58,7768702
04/21/2014,36.55,37.27,36.48,37.25,5518187
04/22/2014,37.3,38,37.19,37.69,8231505
04/23/2014,37.79,37.88,37.22,37.79,7649561
04/24/2014,37.78,37.78,36.93,37.19,8170997
04/25/2014,37.84,38.42,36.89,37.04,9109324
04/28/2014,37.34,38.38,37.31,38.35,9619260
04/29/2014,38.39,38.84,38.26,38.71,6904171
04/30/2014,38.73,39.32,38.44,39.25,8990302
05/01/2014,39.11,39.27,38.75,38.9,5169200
05/02/2014,38.75,38.98,38.44,38.56,3998184
05/05/2014,38.43,38.72,37.92,38.7,3097143
05/06/2014,38.59,38.66,38.31,38.38,3884666
05/07/2014,39.48,39.85,38.64,39.79,8778947
05/08/2014,39.71,40.01,39.16,39.31,4914669
05/09/2014,39.25,39.45,38.5,39.4,6252553
05/12/2014,39.46,39.61,39.36,39.47,4422212
05/13/2014,39.53,39.57,39.13,39.34,5118545
05/14/2014,39.36,39.94,39.25,39.85,6146810
05/15/2014,39.91,40,39.51,39.72,8477890
05/16/2014,39.68,39.92,39.5,39.9,7052983
05/19/2014,39.82,40.86,39.72,40.78,7436577
05/20/2014,40.59,40.64,40.18,40.36,6209323
05/21/2014,40.32,40.58,40.02,40.15,4984799
05/22/2014,40.16,40.95,39.9,40.43,5087852
05/23/2014,40.65,40.98,40.57,40.67,3682954
05/27/2014,40.85,40.85,40.53,40.7,4627623
05/28/2014,40.67,41.16,40.56,40.74,4948867
05/29/2014,40.77,41.04,40.51,40.71,3306792
05/30/2014,40.68,41.02,40.61,40.94,4795214
06/02/2014,41.02,41.41,40.63,40.81,4471701
06/03/2014,40.74,41.05,40.6,40.98,3649593
06/04/2014,40.64,41.18,40.45,41.13,4172423
06/05/2014,41.11,41.69,40.97,41.68,6012864
06/06/2014,41.69,41.75,41.37,41.52,3985766
06/09/2014,41.01,41.36,40.49,40.57,7893640
06/10/2014,40.24,40.76,39.41,40.67,10503492
06/11/2014,40.58,41.22,40.51,40.89,6778234
06/12/2014,40.86,40.89,40.29,40.44,4787158
06/13/2014,40.45,40.93,40.28,40.82,5281219
06/16/2014,40.83,40.93,40.28,40.7,5432044
06/17/2014,41.1,41.1,40.52,40.86,4185954
06/18/2014,40.9,41.16,40.7,41.13,4050363
06/19/2014,40.8,41.31,40.64,40.82,4790761
06/20/2014,41.92,41.92,40.06,40.19,16077667
06/23/2014,40.52,41,40.35,40.5,7860617
06/24/2014,40.5,40.66,40.27,40.38,6896777
06/25/2014,40.34,42.05,40.25,41.44,13797330
06/26/2014,41.5,42.61,41.43,42.6,13641418
06/27/2014,42.64,42.88,42.42,42.79,8345509
06/30/2014,42.59,42.88,42.28,42.51,7886307
07/01/2014,42.52,43.11,42.33,42.88,6546047
07/02/2014,43.3,43.79,42.9,43.79,7500161
07/03/2014,43.64,43.92,43.45,43.86,4856001
07/07/2014,43.64,43.82,43.25,43.26,5522889
07/08/2014,42.72,42.94,41.81,41.98,11499811
07/09/2014,41.77,41.93,41.32,41.45,14179844
07/10/2014,41.08,42.11,40.91,42.06,9540503
07/11/2014,42.02,42.98,41.37,41.73,16291828
07/14/2014,40.92,41.8,40.79,41.64,36605145
07/15/2014,41.4,41.53,40.54,40.57,19881347
07/16/2014,40.44,40.76,39.35,40.73,27619360
07/17/2014,40.41,41.77,40.16,40.64,23013768
07/18/2014,40.25,41.86,40.25,41.71,52111663
07/21/2014,41.11,41.35,40.94,41.01,25791893
07/22/2014,40.87,41.29,40.82,41.05,17466152
07/23/2014,41.39,41.62,41.1,41.43,16319076
07/24/2014,41.17,41.43,40.98,41.08,13067154
07/25/2014,41.3,41.38,40.27,40.38,14466976
07/28/2014,40.55,41.01,40.38,40.8,12982166
07/29/2014,40.66,40.75,40.43,40.58,14019166
07/30/2014,40.46,40.92,40.27,40.85,15518449
07/31/2014,40.35,40.55,39.71,39.73,18511298
08/01/2014,39.51,39.97,39.3,39.86,14295159
08/04/2014,39.93,40.55,39.77,40.48,12869067
08/05/2014,40.07,40.39,39.83,40.06,14968207
08/06/2014,39.09,39.99,39.01,39.53,22143899
08/07/2014,39.18,40.03,39.05,39.8,20937112
08/08/2014,40.03,40.16,39.71,40.11,16027039
08/11/2014,40.25,40.74,40.07,40.48,11924564
08/12/2014,40.41,40.47,39.92,40.13,10469261
08/13/2014,40.22,40.73,40.06,40.7,11254244
08/14/2014,40.72,41.18,40.65,41.14,9439140
08/15/2014,41.27,41.45,40.69,40.93,12071891
08/18/2014,41.26,41.4,40.88,41.23,8364239
08/19/2014,41.37,42,41.14,41.99,11245743
08/20/2014,41.63,41.9,41.53,41.82,9501140
08/21/2014,41.61,41.86,41.53,41.75,9204565
08/22/2014,41.67,41.97,41.28,41.92,9849881
08/25/2014,42.05,42.46,41.9,42.44,8472150
08/26/2014,42.28,42.48,42.25,42.33,10333880
08/27/2014,42.41,42.41,42.07,42.28,11422914
08/28/2014,42.16,42.28,41.96,42.23,8998755
08/29/2014,42.33,42.37,41.95,41.98,9150658
09/02/2014,42.14,42.17,41.73,41.81,8932980
09/03/2014,41.89,42.17,41.64,42.15,9206646
09/04/2014,42.04,42.22,41.83,42.15,12160338
09/05/2014,42.14,42.48,41.67,42.46,11777454
09/08/2014,42.36,42.49,42.05,42.19,7960395
09/09/2014,42.17,43.42,42.09,43.25,20163406
09/10/2014,43.21,43.53,42.91,43.44,10893104
09/11/2014,43.28,43.95,43.17,43.93,12292296
09/12/2014,43.93,44.63,43.85,43.93,18649265
09/15/2014,43.85,44.16,43.64,43.98,10519192
09/16/2014,43.76,44.57,43.63,44.5,10972996
09/17/2014,44.72,45.58,44.62,45.27,17524017
09/18/2014,45.26,45.3,44.88,45.15,13793755
09/19/2014,45.44,45.51,44.81,44.86,17116389
09/22/2014,44.98,45.03,44.35,44.6,10527564
09/23/2014,43.13,44.25,42.98,43.72,29601856
09/24/2014,43.79,45.07,43.75,44.84,18106395
09/25/2014,44.67,45.18,44.02,44.04,12352624
09/26/2014,44.45,44.98,44.12,44.96,17725860
09/29/2014,44.15,44.67,44,44.44,9392868
09/30/2014,44.23,44.66,43.84,43.87,10311262
10/01/2014,43.99,44,43.25,43.47,10317948
10/02/2014,43.69,43.82,42.63,43.03,10334170
10/03/2014,43.6,44.64,43.54,44.56,13955207
10/06/2014,44.49,44.8,43.79,43.91,8652113
10/07/2014,43.74,43.74,42.91,43,10633189
10/08/2014,42.93,44.39,42.66,44.29,12851764
10/09/2014,44.44,44.46,43.06,43.08,14567406
10/10/2014,42.83,43.35,42.04,42.05,14339183
10/13/2014,41.99,42.19,40.99,41.03,20688196
10/14/2014,41,41.95,40.57,41.42,17511677
10/15/2014,40.03,42.63,39.83,41.76,144605632
10/16/2014,42.69,42.77,40.42,40.45,77697648
10/17/2014,41.14,41.24,40.47,40.84,40483841
10/20/2014,40.21,41.76,39.97,41.63,19529798
10/21/2014,42.31,43.19,42.1,43.06,21396692
10/22/2014,43.58,43.95,43.04,43.54,18861728
10/23/2014,44.45,45.67,44.28,45.53,17991849
10/24/2014,45.4,46.22,45.4,46.1,12873274
10/27/2014,46.17,46.65,46.06,46.28,12113153
10/28/2014,46.48,46.77,46.24,46.58,11595088
10/29/2014,46.66,46.66,45.41,45.89,20833227
10/30/2014,45.9,47,45.83,46.81,13391290
10/31/2014,48.24,48.95,47.72,48.52,18696971
11/03/2014,48.75,48.89,48.15,48.4,10222374
11/04/2014,48.36,48.66,47.68,47.91,12144939
11/05/2014,48.57,48.71,47.59,47.84,7910960
11/06/2014,47.97,48.5,47.75,47.95,6188291
11/07/2014,47.67,47.68,46.9,47.04,8522270
11/10/2014,47.42,49.01,47.33,48.79,11369591
11/11/2014,48.72,49.12,48.58,48.87,6211838
11/12/2014,48.63,48.98,48.63,48.76,6531034
11/13/2014,49.15,49.57,48.5,48.68,5386293
11/14/2014,48.95,48.96,48.3,48.95,5688302
11/17/2014,49.02,50.04,48.99,49.74,8816697
11/18/2014,49.56,50.68,49.56,50.55,7674306
11/19/2014,50.49,50.61,49.9,50.1,6805075
11/20/2014,49.76,50.25,49.67,49.9,6082151
11/21/2014,50.81,51.53,50.3,51.53,11229409
11/24/2014,51.56,52.07,51.56,51.86,8978557
11/25/2014,51.75,52.18,51.37,52.12,9082385
11/26/2014,52.28,52.68,51.93,52.54,4840933
11/28/2014,52.79,53.15,52.7,52.96,3446557
12/01/2014,52.85,53.17,52.66,52.87,5660583
12/02/2014,52.7,53.16,52.52,53.01,7579917
12/03/2014,52.92,53.15,52.34,52.42,6570800
12/04/2014,52.29,53.45,52.24,53.22,9553988
12/05/2014,53.19,53.68,53.05,53.32,5275618
12/08/2014,53.41,54.13,53.06,53.12,6587489
12/09/2014,52.16,52.93,51.72,52.88,8164060
12/10/2014,53.12,53.12,51.66,51.71,10269459
12/11/2014,50.66,51.99,50.66,51.3,11078282
12/12/2014,50.9,51.39,49.73,49.94,11366903
12/15/2014,50.3,50.85,49.58,50.2,8787553
12/16/2014,49.81,51.21,49.57,49.93,10532246
12/17/2014,50.11,51.06,49.8,50.92,7191947
12/18/2014,51.92,52.03,51.41,51.96,8702309
12/19/2014,51.66,52.5,51.13,51.82,15620998
12/22/2014,52.05,52.21,51.13,51.23,15927071
12/23/2014,51.45,51.5,48.98,49.23,14856197
12/24/2014,49.54,51.22,49.54,50.7,5740160
12/26/2014,50.88,51.44,50.88,51.24,4643144
12/29/2014,50.94,51.54,50.81,51.37,4658137
12/30/2014,51.08,51.38,50.51,50.71,6754702
12/31/2014,51.04,51.33,49.99,50.06,4748830
01/02/2015,50.2,50.8,50.1,50.41,5914887
01/05/2015,50.11,50.57,48.87,49.5,9804228
01/06/2015,50.2,50.3,48.73,49.2,6676566
01/07/2015,49.4,51.3,49.33,51.22,10045625
01/08/2015,52.14,52.24,51.58,51.74,9592225
01/09/2015,51.02,51.41,49.81,50.32,10532108
01/12/2015,50.75,51.2,49.97,50.3,7323063
01/13/2015,50.66,50.93,48.49,48.87,17157255
01/14/2015,48.27,49.38,47.68,49.05,11488151
01/15/2015,49.33,49.41,48.46,48.48,7302397
01/16/2015,48.52,49.81,48.28,49.71,9792823
01/20/2015,50.15,50.32,48.37,48.9,10968763
01/21/2015,48.84,48.91,48.2,48.53,9573300
01/22/2015,48.78,48.91,47.7,48.55,10802207
01/23/2015,49.07,49.07,48.06,48.11,7377798
01/26/2015,47.99,48.59,47.54,48.4,9650754
01/27/2015,48.04,48.94,47.94,48.63,7719711
01/28/2015,48.9,48.99,47.55,47.69,8139313
01/29/2015,47.88,48.85,47.47,48.65,10075775
01/30/2015,47.86,48.31,46.34,46.55,21365700
02/02/2015,47.4,47.4,45.21,46.79,13833460
02/03/2015,47.48,47.6,46.23,47.51,12776510
02/04/2015,45.44,45.44,43.66,43.86,38024556
02/05/2015,44.36,44.91,43.28,44.68,23270193
02/06/2015,44.48,44.57,43.7,43.85,17127372
02/09/2015,42.91,43.43,42.53,42.75,27470562
02/10/2015,43.11,43.94,42.86,43.84,23161694
02/11/2015,44.22,44.57,43.36,43.7,16887194
02/12/2015,44.24,44.38,43.29,43.97,14525831
02/13/2015,44.2,44.78,43.86,44.73,13346326
02/17/2015,45.44,45.48,44.63,45.28,14944327
02/18/2015,45.59,45.85,44.94,45.67,13107677
02/19/2015,45.41,45.54,45.21,45.48,10678289
02/20/2015,45.95,47.28,45.65,47.23,19173094
02/23/2015,47.43,47.71,46.43,46.67,13867313
02/24/2015,46.9,47.25,46.65,46.93,9377956
02/25/2015,47.09,47.09,46.41,46.71,12276486
02/26/2015,46.52,46.87,46.45,46.66,8991963
02/27/2015,46.66,47.01,46.53,46.63,10455802
03/02/2015,46.45,46.82,46.29,46.59,7366234
03/03/2015,46.52,46.59,45.81,45.96,8831488
03/04/2015,45.72,46.57,45.5,46.47,10266763
03/05/2015,44.1,45.85,43.66,43.82,58318711
03/06/2015,43.9,44.24,42.73,42.89,27708891
03/09/2015,43.11,43.19,42.59,42.8,17748588
03/10/2015,42.56,43.39,42.22,43.07,21982654
03/11/2015,43.31,43.84,42.91,43.66,17530228
03/12/2015,43.77,45.41,43.67,44.69,21864846
03/13/2015,44.8,45.38,44.2,44.67,11736274
03/16/2015,45.06,46.02,44.96,45.56,14685093
03/17/2015,45.26,46.39,45.24,46.02,13107579
03/18/2015,46.06,46.57,45.67,46.18,14285574
03/19/2015,46.32,47.39,46.24,47.17,17219164
03/20/2015,47.27,47.58,46.49,46.55,15782215
03/23/2015,46.29,47.16,45.95,46.62,8652241
03/24/2015,46.75,46.88,45.82,45.97,9422512
03/25/2015,46.31,46.32,44.87,44.88,13666304
03/26/2015,44.69,44.77,44.1,44.16,13225986
03/27/2015,44.42,44.74,44.17,44.43,8156749
03/30/2015,44.65,44.97,44.54,44.9,6681871
03/31/2015,44.71,45.33,44.48,45.11,14473192
04/01/2015,45.08,45.08,43.42,44.01,17279954
04/02/2015,44.27,44.56,43.86,43.93,10567766
04/06/2015,43.79,44.62,43.69,44.42,12523993
04/07/2015,44.9,45.28,44.54,45.02,12423140
04/08/2015,45.09,45.46,44.67,45.34,12546700
04/09/2015,45.62,46.58,45.51,46.47,15207861
04/10/2015,46.63,48.04,46.49,47.79,21202782
04/13/2015,48.04,48.31,47.45,47.57,12649393
04/14/2015,47.72,48.04,47.03,47.97,15656901
04/15/2015,48.26,48.73,48.16,48.2,13264948
04/16/2015,48.03,48.89,47.91,48.64,11910932
04/17/2015,48.28,48.8,48.08,48.43,11680300
04/20/2015,48.89,49.74,48.81,49.38,15512258
04/21/2015,49.65,49.93,49.17,49.46,10290389
04/22/2015,49.43,50.31,49.4,50.16,16892072
04/23/2015,50.72,50.76,48.75,49.82,22703620
04/24/2015,49.98,51.58,49.85,51.35,18184759
04/27/2015,51.31,51.81,50.41,50.53,22433276
04/28/2015,50.21,51.67,49.89,51.66,15827577
04/29/2015,51.06,51.43,50.91,51.01,11868047
04/30/2015,50.82,51.23,49.99,50.25,12223869
05/01/2015,50.59,50.9,49.65,49.98,12022194
05/04/2015,49.99,50.86,49.75,50.27,9970739
05/05/2015,49.89,50.44,49.57,49.61,9048917
05/06/2015,49.79,50.15,49.27,49.7,10137594
05/07/2015,49.42,50.37,49.42,50.26,10489384
05/08/2015,50.59,51.14,50.44,50.69,8942339
05/11/2015,50.66,51.14,50.58,50.66,9106574
05/12/2015,50.21,50.73,50.2,50.36,6802955
05/13/2015,50.5,50.76,50.23,50.75,10521217
05/14/2015,51.18,51.5,50.47,51.25,7040735
05/15/2015,51.24,51.7,51.22,51.29,8192049
05/18/2015,51.13,51.22,50.62,50.98,9349535
05/19/2015,51.07,51.39,50.83,51.11,9381728
05/20/2015,51.22,51.45,50.82,51.21,10617851
05/21/2015,50.87,51.15,50.42,51.05,12229272
05/22/2015,50.89,51.19,50.76,50.9,17257940
05/26/2015,51.08,52.07,51.03,51.39,25346266
05/27/2015,51.88,52.84,51.74,52.31,40863610
05/28/2015,52.4,52.48,51.78,52.44,14950788
05/29/2015,52.25,52.47,51.6,51.76,11360754
06/01/2015,51.91,52.27,51.5,52.03,15330558
06/02/2015,51.84,52.25,51.55,51.78,13320668
06/03/2015,51.99,52.3,51.78,52.09,12392339
06/04/2015,51.72,52.75,51.7,52.42,12320926
06/05/2015,52.06,52.66,51.78,52.37,10682339
06/08/2015,52.74,53,52.48,52.68,12227099
06/09/2015,52.47,52.91,52.47,52.58,9897103
06/10/2015,52.58,53.19,52.49,52.98,8796901
06/11/2015,53.37,53.37,52.58,52.89,8288561
06/12/2015,52.79,52.79,51.78,52.14,9086752
06/15/2015,51.81,52.11,51.37,52.01,8408044
06/16/2015,51.85,52.38,51.78,51.88,5384360
06/17/2015,52.05,52.84,51.98,52.67,8993825
06/18/2015,52.68,53.68,52.68,53.61,10992117
06/19/2015,53.24,54.21,53.24,53.98,11668013
06/22/2015,54.29,54.87,54.19,54.5,12425103
06/23/2015,54.41,54.78,54.06,54.44,8648753
06/24/2015,54.81,54.98,53.65,53.78,11363788
06/25/2015,54.01,54.7,53.85,54.29,7074587
06/26/2015,54.36,54.87,54.15,54.74,11443798
06/29/2015,53.83,54.42,52.13,52.22,14720746
06/30/2015,52.85,53.02,51.81,52.2,14100957
07/01/2015,52.77,53.31,52.6,53.25,9001004
07/02/2015,53.38,53.55,52.68,53,7610055
07/06/2015,52.48,53.62,52.45,53.03,8650370
07/07/2015,53.17,53.46,52.32,53.29,8674934
07/08/2015,52.68,53.19,52.52,52.58,5756363
07/09/2015,53.22,53.56,52.69,52.79,7878862
07/10/2015,53.58,54.01,53.26,53.78,8287920
07/13/2015,54.35,54.57,54.16,54.47,6188498
07/14/2015,54.58,55.21,54.34,54.66,7949843
07/15/2015,54.66,54.84,54.27,54.63,8215335
07/16/2015,54.92,55.04,54.67,54.8,8229344
07/17/2015,54.8,54.91,54.57,54.8,6384693
07/20/2015,54.81,55.67,54.7,55.42,11792835
07/21/2015,55.44,56.06,54.98,55.21,5951630
07/22/2015,55.01,55.31,54.83,55.25,6783302
07/23/2015,55,55.53,54.91,55.24,6602645
07/24/2015,52.88,54.04,52.73,53.32,16376493
07/27/2015,53.6,55.56,53.6,54.27,14680555
07/28/2015,54.41,55.93,54.09,55.75,11754473
07/29/2015,55.82,55.99,55.38,55.4,8067197
07/30/2015,55.48,55.49,54.23,54.95,8205768
07/31/2015,55.1,55.1,54.59,54.84,7388242
08/03/2015,54.95,55.42,54.24,54.59,12047294
08/04/2015,54.84,55.11,54.55,54.77,6448292
08/05/2015,54.88,55.31,54.84,55.04,9274411
08/06/2015,55.1,55.42,53.87,54.23,7456103
08/07/2015,54.09,54.26,53.06,53.74,7459199
08/10/2015,53.96,54.36,53.63,54.19,9968975
08/11/2015,53.63,54.25,53.19,53.44,8907665
08/12/2015,53.05,53.96,52.64,53.83,10074385
08/13/2015,53.77,54.09,53.4,53.65,8605461
08/14/2015,53.68,54.37,53.56,53.76,6968870
08/17/2015,53.8,54.66,53.47,54.32,8880005
08/18/2015,54.35,54.6,53.76,53.91,6843161
08/19/2015,53.83,54.09,53.4,53.69,7401535
08/20/2015,53.24,53.58,52.86,52.87,11567028
08/21/2015,52.25,52.58,51.55,51.6,19777261
08/24/2015,47.89,50.77,42.18,49.69,28514337
08/25/2015,50.98,50.98,47.49,47.55,18101891
08/26/2015,48.91,49.5,47.67,49.42,15957882
08/27/2015,50.17,50.58,49.36,50.55,12680624
08/28/2015,50.04,50.72,49.67,50.08,8804381
08/31/2015,50.22,50.35,48.74,48.91,16054528
09/01/2015,47.76,48.25,47.1,47.38,15193853
09/02/2015,48.2,48.23,47.2,47.76,13495711
09/03/2015,48.11,48.76,48.03,48.21,14067214
09/04/2015,47.49,47.6,46.16,46.8,11018951
09/08/2015,47.15,47.71,46.91,47.42,10799569
09/09/2015,48.17,48.17,46.28,46.4,9987372
09/10/2015,46.48,47.08,46.11,46.63,11116687
09/11/2015,46.68,46.79,46.17,46.46,11332227
09/14/2015,46.53,46.68,45.05,46.12,11006711
09/15/2015,46.18,46.54,45.7,46.36,12676908
09/16/2015,46.58,46.69,45.9,46.58,9486057
09/17/2015,46.63,47.7,46.5,46.87,11957050
09/18/2015,46.52,48.41,46.17,47.86,35321664
09/21/2015,47.95,48.34,46.42,46.5,12935112
09/22/2015,45.54,45.61,44.56,45.2,16927478
09/23/2015,45.33,45.72,44.74,44.96,11898248
09/24/2015,44.57,45,43.78,44.3,10031241
09/25/2015,45.29,45.32,43.12,43.64,10308688
09/28/2015,43.37,43.4,40.98,41.1,17997391
09/29/2015,41.57,42.43,40.62,41.32,15095217
09/30/2015,41.92,42.67,41.78,42.58,14022406
10/01/2015,42.81,43.24,42.22,43.16,10776049
10/02/2015,42.18,43.73,42.06,43.7,8311657
10/05/2015,44.15,44.59,43.41,44.37,11142186
10/06/2015,44.05,44.37,42.25,43.13,10534246
10/07/2015,42.94,44.28,42.21,43.55,13396874
10/08/2015,43.16,43.97,42.9,43.87,8163564
10/09/2015,43.99,44.24,43.43,43.56,8534312
10/12/2015,43.69,44.06,43.47,43.66,7819222
10/13/2015,43.59,43.74,42.44,42.52,11207536
10/14/2015,42.74,43.16,42.33,42.62,10340636
10/15/2015,42.92,44.41,42.55,44.37,9166604
10/16/2015,44.48,45.02,44.08,44.67,8594828
10/19/2015,44.48,44.8,44,44.4,7556937
10/20/2015,44.37,44.55,43.17,43.33,7255678
10/21/2015,43.68,43.94,41.93,42.53,13978263
10/22/2015,42.57,43.02,35.91,38.14,57084081
10/23/2015,39.04,40.88,38.43,39.78,30583938
10/26/2015,39.64,41.47,39,40.99,16148911
10/27/2015,41.1,42.27,41.1,41.55,13254756
10/28/2015,41.74,42.54,41.15,42.08,9133485
10/29/2015,42.04,43.6,41.89,42.75,10422731
10/30/2015,45.73,47.99,45.56,47.05,32499900
11/02/2015,48.67,50.73,48.55,50.08,20255525
11/03/2015,49.88,50.35,48.93,49.32,10367450
11/04/2015,49.33,50.69,49.23,50.43,12251343
11/05/2015,50.33,50.71,48.75,49.6,12110545
11/06/2015,49.19,50.81,49.09,50.68,8451612
11/09/2015,50.27,50.67,49.87,50.02,9145811
11/10/2015,50.04,50.27,49.21,49.22,8040718
11/11/2015,49.15,49.2,47.86,48.09,9059788
11/12/2015,48.03,48.78,47.53,47.6,8727918
11/13/2015,47.42,48.18,46.53,47.31,8549861
11/16/2015,47.2,48.05,47.06,47.43,7736548
11/17/2015,47.49,48.78,47.2,47.7,9625310
11/18/2015,47.62,48.25,47.29,48.18,6250139
11/19/2015,48.37,48.78,47.52,47.85,6192852
11/20/2015,48.15,48.48,47.86,48.29,8672303
11/23/2015,48.44,48.62,48.07,48.26,7383076
11/24/2015,47.85,48.71,47.83,48.31,5950809
11/25/2015,48.28,48.3,47.58,47.65,5717191
11/27/2015,47.54,47.77,47.1,47.43,2781340
11/30/2015,47.38,47.58,45.8,45.95,14251710
12/01/2015,46.02,46.7,45.17,46.63,13437973
12/02/2015,46.75,46.93,45.33,45.61,8867869
12/03/2015,45.6,45.63,43.88,44.37,11395699
12/04/2015,44.64,45.42,44.41,45.19,7865017
12/07/2015,45.75,45.82,44.06,44.47,8796947
12/08/2015,43.9,44.94,43.86,44.79,8029655
12/09/2015,44.47,45.39,44.03,44.28,7120854
12/10/2015,44.25,44.76,43.97,44.06,7708731
12/11/2015,43.9,44.08,42.85,42.99,10451961
12/14/2015,42.44,43.84,42.07,43.83,10513747
12/15/2015,44.37,45.04,44.18,44.56,7947495
12/16/2015,44.78,45.58,44.41,45.53,7042816
12/17/2015,45.56,45.77,44.53,44.56,8856662
12/18/2015,44.17,44.33,43.74,44.04,15612826
12/21/2015,44.25,44.45,44.01,44.42,5252992
12/22/2015,44.68,45.82,44.58,45.52,9904833
12/23/2015,45.73,46.31,45.52,46.28,7800509
12/24/2015,46.13,46.41,45.83,46.19,2518024
12/28/2015,46.04,46.6,45.64,46.44,6538911
12/29/2015,46.64,47.17,46.64,46.97,5888015
12/30/2015,46.94,47.5,46.9,47.26,6158464
12/31/2015,47.01,47.35,46.78,46.79,7140948
01/04/2016,45.88,46.08,44.57,45.55,10626168
01/05/2016,45.82,46.03,44.89,45.36,8359474
01/06/2016,44.54,45.48,44.39,45.36,10010517
01/07/2016,44.66,45.7,44.52,45.2,10680895
01/08/2016,45.47,45.68,43.84,43.96,9132366
01/11/2016,44.14,44.23,41.75,42.57,12057473
01/12/2016,43.04,43.44,42.33,43.34,7405780
01/13/2016,43.56,43.61,40.71,40.9,11785745
01/14/2016,40.98,45.38,40.49,43.57,19373418
01/15/2016,42.33,45.84,42.33,45.77,31702921
01/19/2016,45.95,46.1,43.3,43.92,15640748
01/20/2016,43.28,46.25,42.88,45.64,13808528
01/21/2016,45.74,46.93,45.45,46.6,13733212
01/22/2016,47.19,47.45,46.17,46.97,11217702
01/25/2016,47.13,47.76,46.45,46.85,9913142
01/26/2016,47.12,47.32,45.68,46.54,8343907
01/27/2016,46.6,47.05,45.07,45.6,10321918
01/28/2016,45.7,46.1,43.74,44.5,11870789
01/29/2016,42.65,44.16,42.65,43.56,20525196
02/01/2016,43.24,43.82,41.93,43.41,13203793
02/02/2016,42.83,43.74,42.57,43.08,8929037
02/03/2016,43.54,45.66,43.16,45.42,18676706
02/04/2016,45.3,45.76,44.2,45.31,11432364
02/05/2016,44.91,44.99,42.02,42.41,14941908
02/08/2016,41.98,43.2,41.47,42.25,10434748
02/09/2016,41.77,43.07,41.57,42.69,8687478
02/10/2016,43.2,43.67,41.96,42.1,10466034
02/11/2016,41.76,42.41,41.37,41.69,9569775
02/12/2016,41.94,42.29,41.2,41.97,11557786
02/16/2016,42.67,43.01,42.1,42.73,9312836
02/17/2016,43.38,44.04,42.59,43.92,10543681
02/18/2016,44.34,44.34,43.25,43.55,7190397
02/19/2016,43.52,43.92,43.1,43.34,9769528
02/22/2016,43.65,44.17,42.91,44.14,9183629
02/23/2016,44.47,44.96,43.92,43.98,9676921
02/24/2016,43.64,43.97,43.12,43.8,7533553
02/25/2016,44.05,44.9,43.46,44.89,7397699
02/26/2016,44.92,45.34,44.55,44.71,5775831
02/29/2016,44.61,44.71,43.49,43.6,9026577
03/01/2016,43.74,44.99,43.31,44.99,8080122
03/02/2016,44.85,45.06,44.23,44.47,7979386
03/03/2016,44.47,44.79,44.04,44.66,10773856
03/04/2016,44.72,45.27,44.16,44.8,7501443
03/07/2016,44.55,45.11,43.78,45.03,8921012
03/08/2016,44.86,45.09,44.1,44.17,6032216
03/09/2016,44.32,45.23,43.95,45.02,9552654
03/10/2016,45.16,45.81,44.17,44.89,5881932
03/11/2016,45.03,46.21,44.99,46.09,7558865
03/14/2016,46.05,46.1,45.49,45.68,5103221
03/15/2016,45.23,45.46,44.02,44.41,6547339
03/16/2016,44.38,45.15,44.12,44.96,7102946
03/17/2016,45.08,45.08,43.44,44.19,9036422
03/18/2016,44.39,45.19,43.76,45.11,12897887
03/21/2016,45.13,45.34,44.5,44.71,6396061
03/22/2016,44.51,45.94,44.51,45.91,8482919
03/23/2016,45.64,45.91,44.89,45.01,5837147
03/24/2016,44.83,44.91,44.45,44.83,5664360
03/28/2016,44.99,45.27,44.55,44.8,4233825
03/29/2016,44.79,45.59,44.09,45.55,5027803
03/30/2016,45.86,45.94,45.29,45.51,4047382
03/31/2016,45.53,45.88,45.37,45.58,5572792
04/01/2016,45.18,45.97,45,45.86,5113044
04/04/2016,46.02,47.43,45.9,47.26,9207195
04/05/2016,46.74,47.56,46.38,46.75,7676471
04/06/2016,46.73,47.83,46.73,47.82,6945258
04/07/2016,47.44,47.83,46.92,47.36,6883960
04/08/2016,47.5,47.75,46.45,46.69,6454089
04/11/2016,46.78,47.31,46.51,46.72,5467939
04/12/2016,47.18,47.95,46.86,47.83,7738120
04/13/2016,48.26,48.37,47.32,47.6,7964901
04/14/2016,47.68,47.96,47.56,47.78,5499691
04/15/2016,48.01,48.16,47.38,47.97,4990222
04/18/2016,47.97,48.63,47.8,48.28,6598547
04/19/2016,48.44,49.36,48.1,48.51,7011903
04/20/2016,48.51,49.26,48.34,48.76,4962062
04/21/2016,48.83,49.52,48.8,49.47,6351426
04/22/2016,49.42,49.97,49.14,49.53,5713553
04/25/2016,49.29,49.42,48.98,49.17,4900294
04/26/2016,49.14,49.41,48.8,49.11,4835310
04/27/2016,49.12,49.56,48.57,48.94,6208229
04/28/2016,47.21,50.06,46.38,49.37,18459100
04/29/2016,49.2,49.54,48.76,49.19,15352550
05/02/2016,49,49.98,48.93,49.52,11033553
05/03/2016,49.17,50.05,48.95,49.79,10247027
05/04/2016,49.42,49.7,49.18,49.55,9030245
05/05/2016,49.51,50.3,49.25,50.25,9441306
05/06/2016,49.98,50.58,49.7,50.4,12006680
05/09/2016,50.27,51.49,50.21,51.35,11309986
05/10/2016,51.19,51.4,51.05,51.37,13941634
05/11/2016,51.41,51.46,50.5,50.56,10622903
05/12/2016,50.67,50.84,50.29,50.38,9131203
05/13/2016,50.1,50.67,49.84,49.99,8497984
05/16/2016,49.91,50.48,49.58,50.34,7633884
05/17/2016,50.34,50.62,47.16,48.56,37292640
05/18/2016,48.26,49.01,48.01,48.75,12040050
05/19/2016,48.42,48.65,47.48,47.78,11247805
05/20/2016,48.07,48.41,47.59,48.12,12910036
05/23/2016,48.17,48.24,47.67,47.82,7333271
05/24/2016,48.15,49.1,47.98,48.94,10193542
05/25/2016,49.24,49.55,49,49.34,6299443
05/26/2016,49.17,50.12,49.09,49.91,7107002
05/27/2016,49.97,50.95,49.9,50.54,6598041
05/31/2016,50.55,51.18,50.5,50.74,7932066
06/01/2016,50.71,50.92,50.49,50.66,6003710
06/02/2016,50.68,52.52,50.65,52.49,13589243
06/03/2016,52.21,52.7,51.39,52.4,10717461
06/06/2016,50.09,50.78,49.88,50.63,18693185
06/07/2016,50.46,51.26,50.22,50.88,12622064
06/08/2016,50.15,50.22,49.47,49.76,15517316
06/09/2016,49.58,50.12,48.78,48.98,13332420
06/10/2016,48.33,49.18,48.14,49.18,12651239
06/13/2016,48.74,49.49,48.25,48.31,13529043
06/14/2016,47.93,48.67,47.69,48.29,13343186
06/15/2016,48.6,49.39,48.38,48.71,8848469
06/16/2016,48.3,49.13,48.3,49.09,8137086
06/17/2016,49.08,49.15,48.02,48.37,14772994
06/20/2016,48.88,49.32,48.42,48.47,8049284
06/21/2016,48.53,48.69,48.17,48.36,7161578
06/22/2016,48.37,49.32,48.3,48.68,7527422
06/23/2016,49.06,49.43,48.87,49.42,6047623
06/24/2016,47.77,48.85,47.71,48.26,11355203
06/27/2016,47.87,48.11,47.02,47.3,8937086
06/28/2016,47.79,48.47,47.68,48.37,9874071
06/29/2016,48.84,50,48.55,49.81,10852585
06/30/2016,49.81,50,49.29,49.9,8951719
07/01/2016,49.96,50.96,49.84,50.58,7369514
07/05/2016,50.38,50.55,49.79,49.92,7254528
07/06/2016,49.85,51.4,49.82,51.09,10292806
07/07/2016,51.27,51.39,50.96,51.13,7993339
07/08/2016,51.17,51.98,50.58,51.71,8962295
07/11/2016,51.8,52.39,51.65,51.87,11025593
07/12/2016,52.13,53.05,51.85,52.81,13137553
07/13/2016,52.7,52.89,52.25,52.66,8646528
07/14/2016,51.8,52.16,51.18,51.73,13989831
07/15/2016,51.9,52.18,51.34,51.49,10178491
07/18/2016,51.42,51.86,51.38,51.7,7405677
07/19/2016,51.57,52.02,51.31,51.49,6651869
07/20/2016,51.7,51.96,51.5,51.57,8560238
07/21/2016,51.42,52.05,51.37,51.96,7091069
07/22/2016,52.05,52.12,51.7,51.86,5777484
07/25/2016,51.97,52.45,51.81,52.32,8231714
07/26/2016,52.38,52.64,52.01,52.4,5575426
07/27/2016,52.38,52.95,52.3,52.79,7125655
07/28/2016,52.69,52.91,51.99,52.61,7342021
07/29/2016,53.07,54,52.98,53.83,11903976
08/01/2016,53.86,54.55,53.86,54.41,8437665
08/02/2016,54.43,54.53,53.71,54.31,9871980
08/03/2016,54.33,54.49,53.85,54.1,7344895
08/04/2016,54.14,54.47,53.74,53.76,5482627
08/05/2016,53.83,54.16,53.77,54.09,5709581
08/08/2016,53.98,54.22,53.47,53.96,6046855
08/09/2016,53.95,54.69,53.88,54.29,6507937
08/10/2016,54.24,54.45,53.83,54.03,5071920
08/11/2016,54.36,54.57,54.24,54.44,4755305
08/12/2016,54.37,54.8,54.12,54.62,6047675
08/15/2016,54.86,55.4,54.74,54.8,5920062
08/16/2016,54.59,54.98,54.08,54.27,8223922
08/17/2016,54.16,54.77,53.96,54.34,9241697
08/18/2016,54.4,54.83,54.12,54.29,9534719
08/19/2016,54.14,54.63,54.09,54.54,7639878
08/22/2016,54.74,55.13,54.42,54.5,8174374
08/23/2016,54.7,54.88,53.66,53.83,11812677
08/24/2016,53.92,54.1,52.73,52.92,9775244
08/25/2016,52.89,53.21,52.27,52.65,7201530
08/26/2016,52.6,52.88,52.22,52.55,8022550
08/29/2016,52.73,52.93,52.2,52.47,5706373
08/30/2016,52.48,52.62,52.13,52.18,6389588
08/31/2016,52.09,52.41,51.64,52.12,7715142
09/01/2016,52.13,52.16,51.72,52.05,5638618
09/02/2016,52.35,52.44,51.94,52.15,4575105
09/06/2016,52.4,52.78,52.09,52.51,6732202
09/07/2016,52.35,52.97,52.28,52.83,6532803
09/08/2016,52.01,52.17,51.59,52.09,9270132
09/09/2016,51.41,52.05,51.28,51.53,10024563
09/12/2016,51.21,52.23,50.96,52.1,7474289
09/13/2016,51.77,52.17,51.24,51.51,8659103
09/14/2016,51.57,52.01,51.28,51.53,6555980
09/15/2016,51.37,51.9,51.17,51.52,8696100
09/16/2016,51.66,51.87,51.37,51.44,12787617
09/19/2016,51.74,51.81,51.09,51.14,8853745
09/20/2016,51.53,51.68,51.04,51.45,5199483
09/21/2016,51.63,52.25,51.39,52.12,8528527
09/22/2016,52.14,53.02,52.11,52.92,6193233
09/23/2016,52.93,53.13,52.66,52.85,5755352
09/26/2016,52.66,52.76,52.06,52.12,6356660
09/27/2016,52.05,52.66,51.79,52.51,4846234
09/28/2016,52.57,52.81,51.95,52.21,6248685
09/29/2016,52.29,52.3,51.08,51.09,6935925
09/30/2016,50.93,51.44,50.79,51.29,8013997
10/03/2016,51.25,51.47,50.62,51.41,4661723
10/04/2016,51.48,51.66,50.87,51.24,5312965
10/05/2016,51.3,51.84,51.23,51.55,5031847
10/06/2016,51.35,51.4,50.87,51.09,5014920
10/07/2016,51.31,51.7,50.83,51.17,4206325
10/10/2016,51.29,51.77,51.17,51.48,3435479
10/11/2016,51.3,51.44,50.46,50.74,5793164
10/12/2016,50.88,51.07,50.08,50.24,4847422
10/13/2016,50.03,50.56,49.8,50.19,6562389
10/14/2016,50.44,50.49,49.37,49.39,6362481
10/17/2016,49.32,49.83,49.13,49.37,6868769
10/18/2016,49.75,50.57,49.57,50.51,7625397
10/19/2016,50.96,51.02,50.2,50.42,6113613
10/20/2016,50.43,50.87,50.33,50.68,4741655
10/21/2016,50.38,50.42,49.78,50.05,4726221
10/24/2016,50.17,50.62,50.08,50.14,4244122
10/25/2016,50.12,50.6,50.03,50.54,7090642
10/26/2016,50.48,50.65,49.83,50.1,4932722
10/27/2016,50.43,50.65,49.73,50.45,7536254
10/28/2016,47.23,47.92,45.19,47.26,28075464
10/31/2016,46.83,47.03,45.73,45.78,16123788
11/01/2016,45.99,46.46,45.7,46.33,11208576
11/02/2016,46.34,46.94,46.29,46.62,10963748
11/03/2016,46.88,47.02,45.84,45.87,11249114
11/04/2016,46.02,46.67,45.85,45.98,12413418
11/07/2016,46.62,50.19,46.48,48.35,20409081
11/08/2016,48.26,48.92,47.63,48.27,10568484
11/09/2016,52.67,53.09,49.58,51.4,20823298
11/10/2016,51.75,53.39,51.53,52.58,17538095
11/11/2016,52.15,52.4,51.53,51.77,11538069
11/14/2016,52.03,52.23,51.09,51.68,9387047
11/15/2016,52.02,52.02,50.87,51.6,6088801
11/16/2016,51.43,51.68,50.41,50.5,7196927
11/17/2016,50.68,50.88,50.17,50.64,5363528
11/18/2016,50.59,51,49.56,49.68,7966170
11/21/2016,49.82,49.9,49.41,49.6,7053129
11/22/2016,49.64,49.7,48.1,48.41,9483120
11/23/2016,48.27,49.55,48.09,49.37,6181824
11/25/2016,49.28,49.79,48.97,49.64,3312165
11/28/2016,48.81,49.19,48.43,48.81,7058650
11/29/2016,49,50.97,48.85,50.56,11984114
11/30/2016,50.59,50.75,49.76,49.9,10062039
12/01/2016,49.92,49.92,48.22,48.55,9306971
12/02/2016,48.58,49.24,48.38,48.78,8974194
12/05/2016,48.91,50.24,48.89,49.95,11571449
12/06/2016,49.87,50.65,49.51,50.56,8378875
12/07/2016,49.46,49.78,48.26,49.23,14803328
12/08/2016,49.26,50.05,48.5,49.99,10457558
12/09/2016,50.22,50.83,50,50.51,7538130
12/12/2016,50.5,51.25,50.48,50.93,6594291
12/13/2016,51.15,51.25,50.36,50.88,9578764
12/14/2016,50.51,51.13,50.48,50.61,5345139
12/15/2016,50.72,50.97,50.51,50.9,6936770
12/16/2016,50.98,51.29,50.74,51.06,11785069
12/19/2016,51.19,51.98,50.98,51.06,6536410
12/20/2016,51.16,51.47,50.68,51.02,6277726
12/21/2016,51.07,51.22,50.42,50.43,6020783
12/22/2016,50.54,50.82,50.35,50.6,6320958
12/23/2016,50.71,51.21,50.45,51.15,5354613
12/27/2016,51.31,51.72,51.22,51.29,6008669
12/28/2016,51.3,51.5,51.09,51.11,5567429
12/29/2016,51.2,51.75,51.2,51.5,5595924
12/30/2016,51.48,51.65,51.22,51.4,6716242
01/03/2017,51.64,51.73,50.83,51.2,10242509
01/04/2017,51.36,52.36,51.36,51.93,9591382
01/05/2017,52.02,52.48,51.73,52.34,5844907
01/06/2017,52.43,52.53,52.13,52.37,5225226
01/09/2017,52.36,52.84,52.32,52.66,8496425
01/10/2017,52.57,52.94,52.34,52.59,6724521
01/11/2017,52.55,52.77,50.23,50.69,14893472
01/12/2017,50.38,50.92,50.09,50.79,9207039
01/13/2017,50.86,51.74,50.61,51.39,8196840
01/17/2017,51.19,51.43,50.65,51.27,8648455
01/18/2017,51.2,51.51,50.83,51.12,6095860
01/19/2017,50.94,51.3,50.67,50.86,5996113
01/20/2017,50.91,51.21,50.63,50.69,7265483
01/23/2017,50.58,50.78,50.3,50.54,5335243
01/24/2017,50.49,50.51,49.47,50.22,7017088
01/25/2017,50.24,51.09,50.02,50.89,8866317
01/26/2017,50.66,51.31,50.63,50.8,8553635
01/27/2017,49.74,50.78,49.34,49.73,15941392
01/30/2017,49.66,50.13,49.13,50.09,8543801
01/31/2017,49.75,50.83,49.54,50.66,8985485
02/01/2017,50.63,50.65,49.96,50.47,6312060
02/02/2017,50.28,50.67,50.14,50.48,5830000
02/03/2017,50.49,50.62,50.1,50.29,6970920
02/06/2017,50.17,50.54,50.03,50.31,5534621
02/07/2017,50.28,50.46,50.07,50.2,4577233
02/08/2017,49.86,50.58,49.78,50.17,5824159
02/09/2017,50.25,50.57,50.09,50.43,4437126
02/10/2017,50.44,50.57,49.96,50.1,6493463
02/13/2017,50.22,50.45,50.1,50.15,7109329
02/14/2017,50.1,50.55,49.86,50.41,11110450
02/15/2017,50.5,51.26,50.07,51.09,9420796
02/16/2017,51.12,51.32,50.41,50.96,6020829
02/17/2017,51.02,51.46,50.71,51.19,8469693
02/21/2017,51.26,51.49,50.98,51.24,8944375
02/22/2017,51.21,51.36,50.82,50.85,6959091
02/23/2017,51.14,51.6,50.95,51.37,8785789
02/24/2017,51.33,51.59,50.97,51.46,7265865
02/27/2017,51.41,51.7,51.13,51.58,5781161
02/28/2017,51.49,51.73,51.14,51.26,7252143
03/01/2017,51.53,52.17,51.36,52.09,8606357
03/02/2017,52.04,52.72,51.9,52.42,8752029
03/03/2017,52.32,52.67,52.09,52.49,6915556
03/06/2017,52.23,52.93,52.13,52.69,7409017
03/07/2017,52.34,53.17,52.2,52.79,9846652
03/08/2017,52.85,53.62,52.64,53.18,7618410
03/09/2017,53.17,53.65,53.1,53.48,7256027
03/10/2017,54.13,55.09,53.98,54.65,13368398
03/13/2017,54.61,54.66,54.13,54.61,7082241
03/14/2017,54.61,54.75,54.38,54.42,3989901
03/15/2017,54.46,55.37,54.45,55.18,5590673
03/16/2017,55.09,55.09,54.34,54.63,5491330
03/17/2017,54.75,54.79,54.3,54.45,12950354
03/20/2017,54.53,54.72,54.35,54.55,4296766
03/21/2017,54.68,54.71,53.92,54.17,5199582
03/22/2017,54.13,54.49,53.97,54.32,5561020
03/23/2017,54.32,54.77,54.19,54.43,4459702
03/24/2017,54.3,54.8,54.15,54.4,4374811
03/27/2017,54.2,54.95,54.09,54.79,5490196
03/28/2017,54.68,54.89,54.41,54.7,5368800
03/29/2017,54.67,54.94,54.45,54.52,3737640
03/30/2017,54.51,54.56,54.09,54.27,4110733
03/31/2017,54.25,54.32,54.01,54.03,4414169
04/03/2017,54.13,54.37,53.78,53.92,5264955
04/04/2017,53.99,54.13,53.75,53.97,3597470
04/05/2017,54.11,54.51,53.77,53.86,4549694
04/06/2017,53.91,54.04,53.59,53.95,4776597
04/07/2017,53.93,54.66,53.74,54.34,6076510
04/10/2017,54.3,54.53,53.81,53.89,6945529
04/11/2017,53.94,53.94,53.01,53.73,5828414
04/12/2017,53.73,53.93,53.31,53.89,5705176
04/13/2017,53.77,54.19,53.65,53.7,4118877
04/17/2017,54.24,54.4,53.63,53.84,4156150
04/18/2017,53.61,53.65,52.84,53.29,5131473
04/19/2017,53.5,53.52,53.01,53.11,4410078
04/20/2017,53.35,53.58,52.99,53.37,5668387
04/21/2017,53.38,53.83,53.2,53.44,4463086
04/24/2017,53.92,54.55,53.8,54.15,6781261
04/25/2017,54.37,54.95,54.27,54.51,5838573
04/26/2017,54.62,55.19,54.44,54.47,5429096
04/27/2017,54.8,56.51,54.52,55.31,13065391
04/28/2017,55.31,55.53,54.79,55.2,5996072
05/01/2017,55.26,55.82,55.21,55.68,5004871
05/02/2017,55.68,55.83,55.41,55.79,4596716
05/03/2017,55.63,55.99,55.43,55.87,5418185
05/04/2017,55.88,56.43,55.78,56.28,4675269
05/05/2017,56.25,56.28,55.53,56.08,5093012
05/08/2017,56.04,56.05,55.37,55.43,4902581
05/09/2017,55.42,56.05,55.14,55.4,4765139
05/10/2017,55.39,55.45,54.72,55.24,5654066
05/11/2017,55.17,55.22,54.13,54.65,8457989
05/12/2017,54.65,55.42,54.6,55.29,6684598
05/15/2017,55.32,55.97,55.22,55.81,8362735
05/16/2017,55.87,56.03,55.53,55.98,6918001
05/17/2017,54.82,55.97,54.51,55.17,14128441
05/18/2017,54.73,55.34,54.59,54.96,6485133
05/19/2017,55.04,55.27,54.68,54.92,6475049
05/22/2017,54.88,54.94,54.25,54.78,5779118
05/23/2017,54.79,55.48,54.78,55.13,5156786
05/24/2017,55.08,55.36,54.9,55.2,3367822
05/25/2017,55.34,55.73,55.09,55.53,4115708
05/26/2017,55.44,55.6,55.13,55.3,3795383
05/30/2017,55.17,55.43,55.1,55.28,5045014
05/31/2017,55.46,55.6,54.93,55.3,7660916
06/01/2017,55.47,55.86,55.35,55.84,4840846
06/02/2017,55.94,56.35,55.78,56.29,6215201
06/05/2017,56.32,56.81,55.99,56.55,5114224
06/06/2017,56.5,57.02,56.41,56.83,6026700
06/07/2017,56.94,58.04,56.94,57.56,9199905
06/08/2017,57.5,57.81,57.21,57.58,6066571
06/09/2017,57.6,58.46,57.54,58.33,6345889
06/12/2017,58.43,58.52,57.68,58.24,6285311
06/13/2017,58.29,58.63,58.12,58.34,5334246
06/14/2017,58.17,59.27,58.08,59.05,7091286
06/15/2017,58.89,59.15,58.51,59.12,5034773
06/16/2017,59.28,59.54,59.02,59.48,10139912
06/19/2017,59.59,59.94,59.39,59.73,6191197
06/20/2017,59.81,60.12,59.58,59.63,7198948
06/21/2017,59.54,60.03,59.44,59.74,6556893
06/22/2017,59.88,61.68,59.79,61.28,11003780
06/23/2017,61.29,61.53,60.5,60.83,7596547
06/26/2017,60.88,61.07,60.62,60.88,4153969
06/27/2017,60.86,61.17,60.49,60.63,4807842
06/28/2017,60.88,61.57,60.77,61.06,4528998
06/29/2017,61.24,61.26,60.21,60.67,4767153
06/30/2017,60.78,60.97,60.46,60.69,4628249
07/03/2017,60.92,61.11,60.59,60.62,2613339
07/05/2017,60.75,60.9,60.27,60.67,5126560
07/06/2017,60.48,60.66,59.79,60.06,4774269
07/07/2017,60.37,60.37,59.97,60.3,4585666
07/10/2017,60.11,60.47,59.92,60.14,3363671
07/11/2017,60.19,60.42,59.72,60.16,3704806
07/12/2017,60.41,60.93,60.23,60.74,5097243
07/13/2017,60.78,61.58,60.55,61.37,5537943
07/14/2017,61.35,61.86,61.25,61.77,4545174
07/17/2017,61.75,62.06,61.41,61.44,3454353
07/18/2017,61.36,61.55,60.61,61.05,5693554
07/19/2017,61.2,61.47,60.85,61.47,3318157
07/20/2017,61.66,62.7,61.62,62.52,5447730
07/21/2017,62.5,63.39,62.39,63.04,5362281
07/24/2017,63.07,63.15,62.38,62.49,5969017
07/25/2017,62.85,62.98,61.22,61.27,6347374
07/26/2017,61.14,61.41,60.78,61.33,5207011
07/27/2017,61.48,61.5,59.88,60.59,7859960
07/28/2017,60.52,61.19,58.61,59.5,8669135
07/31/2017,59.57,59.62,58.99,59.07,8480528
08/01/2017,59.16,59.84,59.01,59.47,7097299
08/02/2017,59.34,59.76,59.07,59.73,5061643
08/03/2017,59.65,59.99,59.44,59.96,4718189
08/04/2017,60.12,60.29,59.43,59.97,4410828
08/07/2017,59.93,60.17,59.67,60.16,3592022
08/08/2017,60.26,60.75,59.99,60.38,4487475
08/09/2017,60.2,60.94,60.06,60.84,4779107
08/10/2017,60.83,60.98,59.46,59.51,6253107
08/11/2017,59.76,59.99,59.5,59.68,3470895
08/14/2017,60.19,60.22,59.72,59.82,2742511
08/15/2017,60.05,60.1,59.37,59.4,3827548
08/16/2017,59.55,59.77,59.22,59.5,4798968
08/17/2017,59.64,59.71,58.99,59.03,5232371
08/18/2017,58.73,59.51,58.69,59.12,4245111
08/21/2017,59.07,59.83,59.06,59.71,4083563
08/22/2017,59.9,60.72,59.78,60.64,3780222
08/23/2017,60.22,60.74,60.21,60.43,3101114
08/24/2017,60.59,61.08,60.32,60.92,4250353
08/25/2017,61.01,61.48,61,61.22,4059556
08/28/2017,61.39,62.15,61.3,61.95,4825109
08/29/2017,61.64,62.43,61.48,62.42,3515172
08/30/2017,62.19,62.66,62.16,62.44,3308865
08/31/2017,62.59,63.7,62.45,63.6,6327941
09/01/2017,63.86,64.2,63.58,63.71,4095028
09/05/2017,63.69,63.85,63.13,63.57,7002043
09/06/2017,63.88,65.44,63.66,65.09,7757687
09/07/2017,65.29,69.65,65.05,69.09,16307972
09/08/2017,68.67,72.73,68.52,72.09,15968985
09/11/2017,71.34,73.58,71.28,73.5,13237674
09/12/2017,73.27,74.31,73.07,74.12,12102955
09/13/2017,73.98,75.05,73.85,74.73,9439560
09/14/2017,74.55,75.45,74.51,75.45,11155711
09/15/2017,75.53,75.77,73.09,73.54,21293178
09/18/2017,73.89,74.18,71.87,72.08,10436153
09/19/2017,72.26,73.21,72.13,72.97,8445736
09/20/2017,72.99,73.9,72.87,73.85,7053197
09/21/2017,73.8,74.09,73.22,73.91,7245617
09/22/2017,73.68,74.13,73.3,73.85,7525805
09/25/2017,73.43,74.15,72.99,73.1,8957529
09/26/2017,72.95,73.42,71.94,72.13,6193553
09/27/2017,72.1,72.13,70.27,71.6,6987348
09/28/2017,73.22,76.83,72.97,75.14,16097295
09/29/2017,74.92,75.48,74.06,75.05,7031501
10/02/2017,75.8,76.38,75.11,76.36,6349743
10/03/2017,76.4,76.57,75.2,75.78,4590213
10/04/2017,75.62,76.4,75.44,75.94,3376586
10/05/2017,75.77,76.5,75.59,76.19,4489736
10/06/2017,76.2,77.15,75.99,76.43,3701805
10/09/2017,76.62,77.03,76.16,76.7,3945464
10/10/2017,76.64,77.06,75.78,77.04,3757748
10/11/2017,77.27,78.23,76.85,78.05,6464274
10/12/2017,78.06,78.25,77.33,77.77,4941038
10/13/2017,77.76,78.13,77.02,77.15,6605615
10/16/2017,77.42,78.25,77.04,77.43,4873766
10/17/2017,77.49,78.92,77.37,78.41,5548645
10/18/2017,78.56,82.04,78.43,81.7,11535601
10/19/2017,81.24,82.19,80.4,82.06,9879799
10/20/2017,82.33,83.59,80.72,81.72,7241357
10/23/2017,81.6,81.66,80.35,80.4,4593114
10/24/2017,79.87,80.08,77.21,77.99,9695978
10/25/2017,78.07,78.33,77.18,78.06,6709232
10/26/2017,78.14,78.14,72.51,76.12,10694888
10/27/2017,78.8,80.79,77.2,78.22,9768787
10/30/2017,78.01,78.31,75.63,77.38,6694145
10/31/2017,77.31,78.11,76.59,76.75,7357194
11/01/2017,77.22,79.4,76.79,78.64,7338299
11/02/2017,78.33,78.55,76.72,77.43,5094421
11/03/2017,77.67,78.74,77.34,78.53,3769705
11/06/2017,78.45,79.6,77.77,79.09,6063594
11/07/2017,79.09,81.39,79.08,79.92,7352858
11/08/2017,80.23,81.98,79.83,81.42,7032417
11/09/2017,81.06,81.98,81.03,81.57,5357624
11/10/2017,81.11,81.61,79.59,81.18,6660359
11/13/2017,81.13,81.17,79.99,80.92,4202030
11/14/2017,80.51,80.74,79.21,80.58,4868618
11/15/2017,80.5,80.56,78.87,79.77,4414313
11/16/2017,80.34,80.96,79.35,80.37,4435704
11/17/2017,79.79,80.38,79.6,79.63,3461084
11/20/2017,79.89,80.23,79.02,79.63,4236639
11/21/2017,79.71,81.15,79.62,80.56,4303506
11/22/2017,80.55,81.15,80.15,80.36,2627169
11/24/2017,79.96,80.79,79.58,80.6,1683350
11/27/2017,80.55,81.35,80.34,81.19,3167253
11/28/2017,81.61,82.42,80.67,81.19,4945204
11/29/2017,81.46,81.96,80.84,81.51,3959230
11/30/2017,81.97,82.96,81.84,82.43,8289081
12/01/2017,82.68,83.81,80.22,81.93,4886817
12/04/2017,81.98,82.22,80.51,80.94,4700623
12/05/2017,81.2,82.28,80.81,81.14,5917500
12/06/2017,81.41,81.48,79.51,80.3,4419077
12/07/2017,80.3,80.45,79.03,80.18,4533987
12/08/2017,80.49,82.12,80.49,81.63,5474618
12/11/2017,81.56,82.78,81.47,82.06,4362696
12/12/2017,82.19,82.25,80.61,81.92,4252561
12/13/2017,82.17,84.1,82.17,82.83,6511503
12/14/2017,82.79,82.89,81.37,81.92,4049681
12/15/2017,82.39,83.26,82.21,82.89,12464540
12/18/2017,83.08,84.3,83.03,83.53,4942357
12/19/2017,83.72,83.83,83.11,83.29,2860871
12/20/2017,83.25,84.13,82.7,82.87,3466123
12/21/2017,83.21,83.66,83.12,83.29,2227710
12/22/2017,83.25,83.95,83.12,83.55,2903524
12/26/2017,83.49,83.67,82.56,83.14,2457995
12/27/2017,83.13,83.56,82.89,83.42,1962643
12/28/2017,83.53,83.7,82.95,83.19,1832035
12/29/2017,83.48,83.73,82.36,82.4,3325792
01/02/2018,82.63,84.13,82.3,83.71,4637517
01/03/2018,83.83,85.15,83.4,85.01,4816892
01/04/2018,85.14,85.17,83.66,84.52,3579210
01/05/2018,84.5,86.09,83.84,85.97,4767330
01/08/2018,85.91,86.15,83.52,84.62,5850540
01/09/2018,84.63,85.63,83.96,85.29,4136120
01/10/2018,84.85,85.24,84.37,84.78,4698662
01/11/2018,85.14,85.24,84.44,85.05,4352054
01/12/2018,85.11,86.22,84.53,85.97,4542539
01/16/2018,85.9,88.25,85.68,87.77,8790286
01/17/2018,88.25,89.82,87.86,89.42,5372380
01/18/2018,89.35,89.83,88.62,88.97,5525718
01/19/2018,89.39,89.85,88.72,89.66,5253637
01/22/2018,89.7,91.28,89.5,91.24,3804392
01/23/2018,90.96,91.65,89.99,90.29,4906269
01/24/2018,90.18,91.01,89.19,90.41,4338648
01/25/2018,90.77,92.85,90.59,92.79,6350334
01/26/2018,98.1,107.83,97.24,105.42,20324887
01/29/2018,104.1,106.37,101.94,104.77,10197673
01/30/2018,102.43,104.05,99.27,99.31,12055736
01/31/2018,99.56,99.81,95.35,96.19,15836340
02/01/2018,96.16,100.69,96.15,99.69,9414878
02/02/2018,98.99,101.04,98.46,98.56,7151123
02/05/2018,96.82,98.99,93.73,93.87,9560187
02/06/2018,89.88,97.26,86.53,95.35,14162447
02/07/2018,95.55,100.11,95.43,97.36,9939584
02/08/2018,97.1,97.67,92.8,92.94,6994972
02/09/2018,93.88,96.6,91.17,95.4,8908289
02/12/2018,96.45,97.1,94.8,95.86,4669623
02/13/2018,95.56,96.31,94.58,95.88,5441324
02/14/2018,95.13,97.39,94.48,96.93,6429886
02/15/2018,97.34,99.67,96.28,98.45,7370464
02/16/2018,98.72,102.13,98.7,101.59,8885533
02/20/2018,100.86,104.14,100.43,101.09,8730652
02/21/2018,101.52,103.92,100.97,101.1,5020843
02/22/2018,101.59,102.58,99.88,100.71,4685506
02/23/2018,101.45,102.22,100.15,101.83,4476828
02/26/2018,102.19,104.28,101.99,104.14,4511815
02/27/2018,103.85,104.52,101.23,101.32,4545392
02/28/2018,101.95,102.81,99.2,99.25,6101041
03/01/2018,99.3,99.91,95.79,97.47,6889767
03/02/2018,96.76,98.93,95.86,98.48,5330947
03/05/2018,97.71,99.66,96.76,99.14,3831466
03/06/2018,99.39,99.64,97.52,98.16,3506122
03/07/2018,96.45,98.52,96.14,98.3,5293526
03/08/2018,98.53,100.88,97.97,100.31,5796322
03/09/2018,100.97,102.52,100.81,102.19,5732963
03/12/2018,102.3,102.46,101.04,101.37,4781143
03/13/2018,102.18,104.05,101.72,102.55,5114823
03/14/2018,103.1,103.39,101.05,101.95,3363876
03/15/2018,101.95,102.38,98.46,98.47,5850545
03/16/2018,98.43,100.01,97.32,97.4,8607265
03/19/2018,97.45,98.51,94.62,96.01,8050139
03/20/2018,96.73,97.8,96.03,96.53,4683535
03/21/2018,96.88,97.49,95.73,96.32,4486863
03/22/2018,89.17,89.53,81.84,84.03,28309826
03/23/2018,84.81,85.95,83.42,83.49,14476552
03/26/2018,85.24,85.6,78.62,81.63,14186658
03/27/2018,81.82,82.01,78.07,78.81,10961275
03/28/2018,78.98,82.98,78.46,80.72,11372665
03/29/2018,80.98,81.85,80.11,81.06,7584346
04/02/2018,80.54,81.08,77.37,78.33,7782979
04/03/2018,79.11,79.22,75.58,77.61,10658028
04/04/2018,76,80.03,75.93,79.64,9087439
04/05/2018,79.74,79.91,78.52,79.02,7517931
04/06/2018,78.35,79.48,76.07,76.91,6746237
04/09/2018,78.3,80,77.47,77.54,8432478
04/10/2018,78.39,80.87,77.91,80.22,6397855
04/11/2018,79.32,80.95,79.16,80.24,6877954
04/12/2018,81.12,81.12,79.7,79.76,6752692
04/13/2018,80.18,80.19,78.85,79.47,4639138
04/16/2018,80.41,80.93,79.91,80.15,3944944
04/17/2018,80.68,99.64,80.17,81.01,4521119
04/18/2018,81.37,81.89,80.52,81.64,5557496
04/19/2018,81.83,81.83,79.11,80.5,5119124
04/20/2018,80.86,81.2,79.66,80.17,4910878
04/23/2018,80.44,81.2,80.27,80.63,4857504
04/24/2018,80.46,80.92,78.29,79.07,6377591
04/25/2018,78.74,79.88,78.36,79.5,5520037
04/26/2018,81.37,85.31,81.01,84.41,12807881
04/27/2018,84.4,86,83.42,85.46,6214131
04/30/2018,85.74,86.06,83.55,83.58,7625574
05/01/2018,88.38,89.48,87.58,88.38,11546687
05/02/2018,87.58,88.09,86.53,86.88,7190999
05/03/2018,86.74,87.23,85.5,86.8,7131333
05/04/2018,86.48,87.37,85.8,86.72,4906816
05/07/2018,87.21,87.66,85.91,86.24,5338122
05/08/2018,85.81,86.37,85.44,86.06,6525140
05/09/2018,86.08,88.33,85.61,87.58,5317213
05/10/2018,88.8,89.86,88.24,89.03,5314029
05/11/2018,89.45,90.62,88.33,90.15,6248866
05/14/2018,90.37,92.02,90.31,91.67,8165972
05/15/2018,91.22,91.38,89.67,90.16,8078530
05/16/2018,90.42,91.45,90.2,90.9,7236612
05/17/2018,90.98,91.25,90.21,91.15,6125730
05/18/2018,91.13,92.43,90.99,91.73,5125902
05/21/2018,92.62,92.84,91.71,91.91,5839671
05/22/2018,92.19,92.83,91.84,92.01,8555226
05/23/2018,91.63,92.03,90.67,91.41,10380104
05/24/2018,90.5,90.5,87.96,89.26,10798699
05/25/2018,88.55,89.28,86.17,87.47,14967012
05/29/2018,86.8,87.94,85.64,86.19,15881020
05/30/2018,88.05,89.3,87.28,89.17,29681258
05/31/2018,87.37,87.52,85.26,85.59,19180249
06/01/2018,84.77,86.07,84.75,84.89,14114256
06/04/2018,85.25,86.1,84.5,85.77,9900167
06/05/2018,85.8,86.86,85.5,85.91,8841581
06/06/2018,85.91,86.55,85.11,86.54,4529578
06/07/2018,86.78,86.85,85.59,85.96,4849393
06/08/2018,85.94,87,85.7,86.92,3908771
06/11/2018,87.05,87.5,86.05,86.38,5507743
06/12/2018,86.39,86.67,85.47,85.65,8171161
06/13/2018,85.63,85.9,84.41,84.49,6634951
06/14/2018,85.16,85.63,84.62,85.51,4601376
06/15/2018,85.5,86.45,84.84,86.2,20752374
06/18/2018,85.83,85.98,85.1,85.27,6295055
06/19/2018,84.74,85.16,83.91,84.86,5511566
06/20/2018,85.02,86.17,84.69,85.07,5569127
06/21/2018,84.58,84.82,82.46,82.73,7167201
06/22/2018,83.15,83.2,80.88,80.94,9423635
06/25/2018,80.91,81.7,79.72,80.54,5454679
06/26/2018,80.82,81.25,79.7,79.74,4982162
06/27/2018,79.95,80.74,79.18,79.19,5729484
06/28/2018,79.07,80.17,78.61,80.01,6718759
06/29/2018,80.37,81.77,80.12,80.24,6918728
07/02/2018,79.69,80.76,79.51,80.61,3844220
07/03/2018,81.01,81.69,80.61,81.09,2440233
07/05/2018,81.77,82.29,81.33,81.82,4738993
07/06/2018,82.41,84.03,82.2,83.91,5972371
07/09/2018,84.81,85.14,83.9,83.99,6064160
07/10/2018,84.06,85.65,83.69,85.54,5251800
07/11/2018,83.33,84.4,82.12,82.2,6391433
07/12/2018,83.01,83.66,82.29,83.6,4386825
07/13/2018,83.04,84.7,83.02,84.5,3687025
07/16/2018,84.61,84.67,83.3,84.16,3841178
07/17/2018,84.19,84.97,83.36,83.46,4794899
07/18/2018,83.31,83.45,82.49,82.55,5797526
07/19/2018,81.52,81.57,76.74,78.66,20595001
07/20/2018,77.57,78.39,75.87,77.74,12288007
07/23/2018,77.98,78.69,77.51,78.18,6486510
07/24/2018,79.15,80.11,78.48,80.04,8267707
07/25/2018,79.65,81.77,79.65,81.45,7693956
07/26/2018,82.16,82.69,80.92,82.15,6888517
07/27/2018,79.88,80.69,77.63,79.2,13414875
07/30/2018,79.29,80.05,78.16,79.98,6667382
07/31/2018,80.15,81,79.87,80.67,8785399
08/01/2018,80.71,82.62,80.7,82.13,5380233
08/02/2018,81.83,83.83,81.68,83.19,5702635
08/03/2018,82.98,84.69,82.92,84.42,4996148
08/06/2018,84.18,85.3,83.72,84.89,5213549
08/07/2018,85.09,86,81.97,82.26,8797677
08/08/2018,81.78,82.27,81.21,81.96,4622974
08/09/2018,82.38,84.07,81.74,83.49,6291644
08/10/2018,83.38,84.6,83.34,83.78,4452195
08/13/2018,83.95,85.33,83.78,84.63,6006836
08/14/2018,84.58,85.13,83.72,83.88,5259088
08/15/2018,83.88,85.51,83.61,85.21,6782858
08/16/2018,85.56,86.27,84.88,85.89,6516620
08/17/2018,85.89,86.7,84.32,86.4,6477092
08/20/2018,86.86,87.65,85.23,85.39,6301706
08/21/2018,85.58,85.74,84.65,85.46,3438612
08/22/2018,85.56,85.98,84.94,85.39,2767742
08/23/2018,85.43,85.57,84.73,84.96,2097280
08/24/2018,84.95,85.34,84.43,85.18,2952901
08/27/2018,85.79,85.96,85.09,85.72,2385638
08/28/2018,85.51,86.31,84.91,85.09,3329401
08/29/2018,85.2,85.55,83.98,85.36,3590610
08/30/2018,85.26,85.46,84.44,84.65,3264417
08/31/2018,84.17,84.55,83.7,83.94,4640443
09/04/2018,83.92,83.92,82.27,82.69,4262553
09/05/2018,82.5,83.29,82.28,83.23,5109124
09/06/2018,82.89,83.14,81.14,81.97,5418357
09/07/2018,81.89,82.51,80.1,82.37,3947116
09/10/2018,83.06,83.22,81.94,82.04,3015542
09/11/2018,81.95,81.96,81.22,81.48,2555843
09/12/2018,80.79,82.15,80.49,81.54,3087495
09/13/2018,81.69,84.27,81.68,84.24,4854181
09/14/2018,84.2,84.3,83.01,83.67,3252914
09/17/2018,83.42,84.09,82.9,83.4,4040098
09/18/2018,83.38,84,80.81,80.99,10440678
09/19/2018,80.2,80.66,79.05,79.59,8656787
09/20/2018,79.9,81.43,79.25,81.05,5653085
09/21/2018,81.19,81.61,80.59,80.68,9922585
09/24/2018,80.71,82.18,80.41,81.7,6119103
09/25/2018,81.75,82.76,81.68,82.01,4798195
09/26/2018,82.45,83.17,82.07,82.36,4823277
09/27/2018,82.51,82.98,82.17,82.32,3002312
09/28/2018,82.2,83.21,82.06,82.73,4395246
10/01/2018,82.85,83.63,82.49,83.08,3751191
10/02/2018,83.37,83.38,81.74,82.41,6316179
10/03/2018,82.76,84.47,82.73,83.98,4703461
10/04/2018,83.78,83.78,81.55,82.06,4425883
10/05/2018,82.29,83.31,81.25,82.52,4259772
10/08/2018,82.26,83.4,81.98,82.93,3340434
10/09/2018,82.82,83.3,82.03,82.67,3431525
10/10/2018,82.07,83.42,81.32,81.42,4965802
10/11/2018,81.33,81.66,78.36,79.31,7376369
10/12/2018,80.17,80.5,78.57,80.13,5589757
10/15/2018,80.04,80.07,78.82,78.82,4663588
10/16/2018,79.35,81.29,79.13,81.21,3579134
10/17/2018,81.15,81.67,80.28,81.52,2712464
10/18/2018,81.18,81.67,78.86,79.49,4303582
10/19/2018,78.89,79.54,77.76,77.77,7218662
10/22/2018,78.25,78.25,73.8,74.46,7689559
10/23/2018,72.99,74.76,72.03,73.31,8181399
10/24/2018,73.22,73.47,70.05,70.16,8652594
10/25/2018,71.06,73.53,70.41,72.24,8919697
10/26/2018,71.61,72.06,70.2,71.4,6128395
10/29/2018,72.47,73.51,70.65,71.95,4090468
10/30/2018,72.41,73.25,70.82,72.08,4955046
10/31/2018,71.57,72.1,68.71,68.81,14380246
11/01/2018,68.68,71.28,68.5,70.79,10690036
11/02/2018,74.41,74.61,69.61,70.32,13060218
11/05/2018,70.22,74.09,70.06,72.95,10553211
11/06/2018,73.12,74.44,72.75,73.92,8201727
11/07/2018,74.37,77.09,74.37,76.88,10192258
11/08/2018,77.01,79.29,76.89,77.54,9393478
11/09/2018,77.63,79.13,77.39,78.47,9362250
11/12/2018,78.44,79.45,78.22,79.27,9724746
11/13/2018,79.54,80.32,77.95,77.97,7317549
11/14/2018,78.7,79.01,76.41,78.05,7635425
11/15/2018,77.45,79.8,75.97,79.66,9017068
11/16/2018,79.31,81.31,78.84,80.9,8687668
11/19/2018,80.68,81.61,78.76,79.07,5970923
11/20/2018,78.66,79.29,77.65,77.86,4812203
11/21/2018,78.22,78.47,75.45,76.19,6312543
11/23/2018,75.66,76.5,75.04,75.69,1568970
11/26/2018,76.35,77.11,75.31,76.24,4877784
11/27/2018,76.2,77.51,75.57,77.5,4175178
11/28/2018,77.81,78.63,76.5,78.6,3809150
11/29/2018,78.67,79.84,78.1,79.48,3735904
11/30/2018,80.29,83.32,79.94,83.29,12172899
12/03/2018,83.36,83.72,82.04,82.8,6402640
12/04/2018,83.01,83.95,79.9,80.05,6696077
12/06/2018,79.28,79.97,77.04,79.81,8383820
12/07/2018,79.48,79.54,76.34,76.85,6532419
12/10/2018,76.6,77.67,74.77,77.41,5223790
12/11/2018,78.35,79.05,76.59,77.93,4081483
12/12/2018,78.94,79.69,78.1,78.33,4106643
12/13/2018,78.99,79.54,77.22,77.52,3909979
12/14/2018,76.67,77.03,75.2,75.67,5350209
12/17/2018,75.19,76.79,74.42,75.06,5822567
12/18/2018,75.53,75.57,73.18,73.87,5073591
12/19/2018,74.53,76.27,73.05,73.82,5291578
12/20/2018,73.35,76.43,72.84,75.41,9494134
12/21/2018,74.8,78.4,73.55,75.06,14913362
12/24/2018,74.82,76.4,73.89,74.4,5008417
12/26/2018,74.9,78.74,74.79,78.7,6092048
12/27/2018,77.73,79.48,76.77,79.45,6839514
12/28/2018,79.62,82.04,79.54,80.57,5743049
12/31/2018,81.02,82.19,80.63,81.48,5648727
01/02/2019,80.64,80.66,78.15,78.86,6804145
01/03/2019,78.34,78.48,76.08,76.27,7638389
01/04/2019,77.56,78.78,76.25,78.7,9151576
01/07/2019,79.61,80.22,78.84,79.9,7289263
01/08/2019,80.61,81.58,79.9,80.26,7602250
01/09/2019,80.32,80.77,77.3,77.58,10000263
01/10/2019,77.67,78.55,77,77.95,6658986
01/11/2019,77.38,78.05,77.38,78.01,5412040
01/14/2019,77.81,77.81,75.59,75.81,6327186
01/15/2019,75.98,76.66,75.55,76.51,7365676
01/16/2019,76.64,77.29,76.45,76.5,4843203
01/17/2019,76.53,78.45,76.43,78.03,6619707
01/18/2019,79.35,80.33,77.98,80.28,6041227
01/22/2019,79.5,79.95,78.64,79.36,5505579
01/23/2019,79.48,79.88,78.46,79.12,4922641
01/24/2019,79.03,79.12,76.14,76.83,8486720
01/25/2019,73.82,73.91,71.06,72.08,21310192
01/28/2019,71.6,71.66,68.6,69,14384964
01/29/2019,68.91,69.93,67.79,69.31,13821660
01/30/2019,69.51,70.85,68.88,70.75,8721486
01/31/2019,70.63,72.75,70.42,71.83,11113806
02/01/2019,71.79,72.23,70.77,71.99,6664278
02/04/2019,71.84,71.9,69.35,70.25,9914887
02/05/2019,70.29,71.63,69.99,71.29,7473559
02/06/2019,71.14,71.48,70.49,70.73,4637108
02/07/2019,70.1,70.88,69.61,70.85,5619400
02/08/2019,70.71,71.45,70.58,71.31,4586921
02/11/2019,71.47,71.73,70.83,71.36,4571879
02/12/2019,71.56,71.68,70.29,71.5,6456946
02/13/2019,71.88,72.75,71.83,72.27,3969500
02/14/2019,71.98,72.18,71.32,72.03,3338639
02/15/2019,72.58,73.09,71.72,72.33,6454049
02/19/2019,72.02,72.93,71.78,72.06,5689922
02/20/2019,72.05,72.11,70.8,71.59,5110346
02/21/2019,71.34,71.49,69.87,70.46,6258518
02/22/2019,70.82,71.74,70,71.58,5016405
02/25/2019,71.99,72.13,71.47,71.86,5292939
02/26/2019,71.75,72.34,71.59,72.02,4260030
02/27/2019,71.69,71.7,70.5,71.05,4084146
02/28/2019,71.09,71.31,70.45,70.91,5909372
03/01/2019,71.37,72.33,70.93,71.69,8773677
03/04/2019,71.93,72.23,70.78,71.09,5371194
03/05/2019,70.91,71.48,70.43,70.62,5821222
03/06/2019,70.8,70.8,69.39,69.86,5222526
03/07/2019,69.66,70.79,69.28,69.98,5770259
03/08/2019,69.49,69.82,68.97,69.39,6242778
03/11/2019,69.4,70.06,69.13,69.86,7574187
03/12/2019,70.21,70.8,69.83,70.45,5963848
03/13/2019,70.61,70.95,69.92,70.61,5695978
03/14/2019,70.68,71.93,70.15,71.53,5835244
03/15/2019,71.63,72.88,70.78,72.82,11962048
03/18/2019,72.77,73.14,71.82,72.15,4935306
03/19/2019,71.87,72.73,71.14,72.33,6036407
03/20/2019,72.22,72.39,71.63,71.94,4462690
03/21/2019,71.47,72.75,70.91,72.68,5197758
03/22/2019,72.21,73.35,71.3,71.38,4849379
03/25/2019,71.13,71.61,70.15,71.15,3879098
03/26/2019,71.44,72.64,71.39,72.25,4990051
03/27/2019,72.47,72.47,71.39,71.48,3836943
03/28/2019,71.87,72.01,71.13,71.52,2941324
03/29/2019,71.65,72.38,71.54,72.1,7316996
04/01/2019,72.45,72.57,71.55,72.25,4466957
04/02/2019,72.37,74.7,72.29,74.32,6328275
04/03/2019,74.81,75.81,74.07,74.33,6126686
04/04/2019,74.29,74.6,73.42,74.08,4829544
04/05/2019,74.1,75.31,73.96,74.66,3934948
04/08/2019,74.88,75.15,74.06,75.13,3465930
04/09/2019,74.88,74.96,73.75,73.92,3633688
04/10/2019,74.44,74.6,73.9,74.23,3515969
04/11/2019,74.44,74.48,72.67,73.16,5175574
04/12/2019,73.13,74.16,72.38,73.23,4329235
04/15/2019,73.4,73.89,72.86,73.44,3411835
04/16/2019,73.53,73.7,72.54,72.7,3545633
04/17/2019,72.61,72.7,70.3,70.68,6450635
04/18/2019,70.76,70.9,69.63,70.32,7709021
04/22/2019,70.35,71.71,70.26,70.82,5259160
04/23/2019,70.85,72.21,70.48,71.3,9044589
04/24/2019,71.93,72.15,71.11,71.33,7000735
04/25/2019,72.58,72.95,69.72,71.91,10536589
04/26/2019,72.22,73.11,71.98,72.25,5427629
04/29/2019,72.94,73.41,72.44,72.79,5551894
04/30/2019,73.14,73.15,71.33,71.88,9483035
05/01/2019,72.16,72.23,71.26,71.51,4904206
05/02/2019,71.37,71.42,70.35,71.13,4737036
05/03/2019,71.36,71.43,70.94,71.32,4428588
05/06/2019,70.48,72.09,70.11,71.85,5221230
05/07/2019,71.25,71.61,69.96,70.66,4067703
05/08/2019,70.66,71.52,70.09,70.71,3160529
05/09/2019,70.27,70.83,69.56,70.61,3571857
05/10/2019,70.21,70.46,68.55,70.24,4495480
05/13/2019,69.17,70.07,69.05,69.67,3653464
05/14/2019,69.95,71.94,69.81,71.1,6223079
05/15/2019,71.17,71.75,70.24,71.43,4346690
05/16/2019,71.55,73.2,71.35,72.05,5033409
05/17/2019,71.19,72.6,70.73,72.01,4623057
05/20/2019,71.63,72.88,71.53,72.37,4185206
05/21/2019,72.82,73.88,72.81,73.33,4471696
05/22/2019,73.03,74.11,72.41,73.96,3838885
05/23/2019,72.88,74,72.81,73.58,3080541
05/24/2019,73.51,73.52,72.4,72.58,3713597
05/28/2019,72.52,72.61,70.64,70.68,6212688
05/29/2019,70.32,70.96,69.9,70.72,3909700
05/30/2019,71.18,71.24,69.92,70.36,3274838
05/31/2019,70.08,70.32,69.26,69.53,3621135
06/03/2019,69.47,69.66,66.91,68.62,7965467
06/04/2019,69.02,70.2,68.81,69.6,6200894
06/05/2019,70.17,70.86,69.49,69.86,3299661
06/06/2019,69.95,70.46,69.68,69.89,3673283
06/07/2019,70.25,71.05,69.88,70.2,4686611
06/10/2019,70.22,70.48,69.44,69.77,3756560
06/11/2019,70.25,71.53,70.25,70.87,3965129
06/12/2019,70.94,71.84,70.88,71.26,4106481
06/13/2019,71.55,71.8,70.98,71.56,2794741
06/14/2019,71.57,71.92,70.9,71.34,3880387
06/17/2019,71.07,71.66,71.07,71.3,2844385
06/18/2019,71.51,71.8,69.81,70.94,5190382
06/19/2019,71.07,71.14,70.07,70.36,6067435
06/20/2019,70.93,71.77,70.78,71.02,5148757
06/21/2019,70.96,71.69,69.29,71.44,9438650
06/24/2019,71.08,71.9,70.57,71.08,4685291
06/25/2019,63.88,64.06,58.97,59.46,87303235
06/26/2019,60.96,62.02,60.56,61.64,40957214
06/27/2019,61.79,64,61.73,63.45,21293903
06/28/2019,63.98,65.94,63.76,65.91,20322661
07/01/2019,66.63,66.95,65.52,66.58,16495549
07/02/2019,66.27,67.31,65.56,67.29,12454744
07/03/2019,67.4,67.96,66.88,67.95,6480212
07/05/2019,67.67,67.8,65.82,66.15,9790939
07/08/2019,65.74,66.18,64.25,64.55,12450168
07/09/2019,64.53,65.68,64.26,64.59,10730662
07/10/2019,64.89,65.03,64.33,64.92,8847262
07/11/2019,65.54,65.63,63.32,64.57,12397433
07/12/2019,64.7,64.7,63.08,64.62,12196882
07/15/2019,64.71,65.36,64.15,64.69,10002292
07/16/2019,64.56,64.7,63.62,63.66,8771339
07/17/2019,63.81,64.3,62.87,62.88,12080103
07/18/2019,63.11,63.46,62.58,62.81,7685438
07/19/2019,62.71,63.34,62.68,63.06,8507983
07/22/2019,63.04,63.27,62.44,62.61,9562981
07/23/2019,62.58,62.99,62.22,62.34,7726961
07/24/2019,62.37,62.48,61.44,62.11,12174644
07/25/2019,62.09,62.46,61.2,61.37,11787342
07/26/2019,62.25,63.63,62,62.36,11675729
07/29/2019,62.48,62.96,61.55,61.83,8090130
07/30/2019,61.59,62.15,60.98,61.84,7479233
07/31/2019,61.58,62.01,60.4,61.29,10766243
08/01/2019,61.6,61.85,59.92,60.56,11770496
08/02/2019,60.29,60.55,59.86,60.15,8608423
08/05/2019,59.8,60.85,59.4,60.03,10972581
08/06/2019,60.07,60.6,59.17,59.6,9195771
08/07/2019,59.27,59.73,58.27,59.34,9523621
08/08/2019,59.63,60.24,59.21,60.24,6847033
08/09/2019,60.16,61.54,59.17,60.37,10261537
08/12/2019,60.05,60.26,58.97,59.39,4617002
08/13/2019,59.7,60.68,59.5,59.83,6503878
08/14/2019,59.36,59.81,58.44,58.45,8851165
08/15/2019,59.01,59.12,57.67,57.95,8261089
08/16/2019,58.45,59.65,58.05,59.32,7648488
08/19/2019,59.86,61.55,59.8,61.25,9496088
08/20/2019,62.01,63.01,61.05,61.13,11505715
08/21/2019,61.98,62.51,61.3,62.17,7273389
08/22/2019,62.46,62.61,61.49,62.17,6091826
08/23/2019,61.92,62.39,60.26,60.74,8077690
08/26/2019,61.14,61.6,60.82,61.15,4491693
08/27/2019,61.36,61.65,60.27,60.4,6532916
08/28/2019,60.35,61.09,60.19,60.8,6038013
08/29/2019,61.42,61.69,60.68,60.94,5402029
08/30/2019,61.11,61.14,60.27,60.49,5989880
09/03/2019,60.54,60.56,59.76,60.17,7358402
09/04/2019,60.44,61.13,59.31,61.08,9073135
09/05/2019,61.34,61.94,61.14,61.71,5106357
09/06/2019,61.9,62.69,61.66,62.25,6474486
09/09/2019,62.55,62.58,61.03,61.41,9260592
09/10/2019,60.82,62.75,60.43,62.75,10775316
09/11/2019,62.93,64.19,62.64,63.99,7824736
09/12/2019,65.12,65.5,64.6,65.2,9077581
09/13/2019,65.48,65.81,64.87,64.91,7653704
09/16/2019,64.77,65.31,64.17,64.97,5618921
09/17/2019,64.89,66.35,64.76,65.88,8247742
09/18/2019,65.97,66.1,65.17,65.62,5806153
09/19/2019,65.71,66.18,65.54,65.97,5113783
09/20/2019,66.27,67.19,66.27,66.63,11908951
09/23/2019,66.57,67.9,66.31,67.16,7513384
09/24/2019,67.95,67.95,66.42,67.19,7739601
09/25/2019,67.08,67.41,66.28,66.34,5290000
09/26/2019,67.14,68.53,66.84,68.15,10016911
09/27/2019,68.3,69.16,68.03,68.91,6342847
09/30/2019,68.98,70.35,68.98,69.7,7773252
10/01/2019,69.95,69.97,67.13,67.4,10011795
10/02/2019,67.08,67.19,65.87,66.43,7843861
10/03/2019,66.32,68.05,66.3,68.02,5698514
10/04/2019,68.31,69.08,68.06,68.71,6238197
10/07/2019,68.77,69.28,68.18,68.38,4761475
10/08/2019,68,68.8,67.57,67.66,5755315
10/09/2019,68.17,68.68,67.42,67.49,5425636
10/10/2019,67.39,68.69,67.37,68.51,7039999
10/11/2019,69.07,69.42,68.7,68.74,6622569
10/14/2019,69.79,70.28,69.54,69.89,4598759
10/15/2019,70.31,71.05,69.93,70.59,5579415
10/16/2019,70.48,71.05,70.44,70.85,7827083
10/17/2019,71.06,72.18,70.73,71.22,6290080
10/18/2019,71.3,73.12,71.27,72.45,8839915
10/21/2019,72.85,73.77,71.88,73.26,7231527
10/22/2019,73.96,74.53,73.67,73.81,5472019
10/23/2019,73.71,73.93,73.15,73.65,5534133
10/24/2019,73.76,73.8,72.25,72.77,5872197
10/25/2019,72.38,72.76,72.22,72.52,4822350
10/28/2019,72.65,74.27,72.48,74.22,6639172
10/29/2019,74.01,74.61,73.52,74.35,5796763
10/30/2019,74.39,75.6,73.92,75.53,6449091
10/31/2019,75.53,75.56,74.61,75.4,9381579
11/01/2019,75.83,77.87,74.98,77.46,11895911
11/04/2019,78.6,78.95,77.83,78.64,7765037
11/05/2019,78.81,79.03,77.2,77.57,6540216
11/06/2019,77.48,77.94,76.14,77.76,8483302
11/07/2019,77.9,78.26,76.83,77.71,5546376
11/08/2019,77.79,80.98,77.78,80.75,10220290
11/11/2019,80.49,81.19,79.5,81.18,8128383
11/12/2019,81.11,83.65,81.06,81.91,11045506
11/13/2019,81.24,82.69,80.85,82.11,5163614
11/14/2019,81.94,83.15,81.42,83.04,4753935
11/15/2019,83.48,84.51,82.68,83.99,7139785
11/18/2019,83.71,84.72,83.69,84.05,5015934
11/19/2019,84.58,85.67,84.25,84.37,6611662
11/20/2019,84.07,84.07,82,82.63,9794997
11/21/2019,82.24,82.31,81.06,81.96,8584181
11/22/2019,82.1,82.24,80.84,81.55,7027443
11/25/2019,82.3,83.27,81.55,83.14,7678824
11/26/2019,83.53,83.56,82.37,83.09,5460791
11/27/2019,83.25,84.15,83.01,83.7,4233083
11/29/2019,83.38,83.47,82.64,83.12,2797850
12/02/2019,83.23,83.41,82.44,82.47,5632689
12/03/2019,81.45,81.94,81.1,81.44,9328950
12/04/2019,81.66,82.96,81.6,82.65,5354180
12/05/2019,82.67,82.67,81.74,82.16,4952110
12/06/2019,82.55,83.11,82.23,82.41,5471779
12/09/2019,82.64,83.12,81.85,81.9,4533361
12/10/2019,82.36,82.39,81.69,81.99,7102798
12/11/2019,82.15,82.68,81.71,82.15,6603564
12/12/2019,82.21,84.27,82.2,84.06,5620546
12/13/2019,84.13,84.42,82.75,83.21,5191824
12/16/2019,83.74,85.39,83.63,84.74,6195736
12/17/2019,85.28,85.44,84.4,85.35,7478095
12/18/2019,85.33,85.45,84.35,84.65,5397595
12/19/2019,84.98,84.98,83.91,84.12,4790208
12/20/2019,85.66,87.16,84.47,84.63,17166432
12/23/2019,84.83,85.72,84.64,85.5,5058023
12/24/2019,85.66,85.66,84.74,85.13,1551641
12/26/2019,85.47,85.96,84.76,85.07,3708981
12/27/2019,85.26,85.54,84.17,84.5,3578073
12/30/2019,84.54,85.02,83.54,83.86,5986338
12/31/2019,83.58,83.95,83.27,83.86,4023256
01/02/2020,84.41,84.87,83.87,84.87,4426125
01/03/2020,83.55,84.7,83.29,84.02,5125428
01/06/2020,83.59,84.92,83.36,84.71,5677349
01/07/2020,84.27,84.84,83.63,84.21,6432567
01/08/2020,84.47,85.34,84.21,84.82,6722539
01/09/2020,85.29,85.5,84.38,85.48,6667601
01/10/2020,85.5,85.55,84.17,84.38,7610070
01/13/2020,84.81,84.81,83.25,83.8,8510112
01/14/2020,83.65,84.93,83.33,84.7,7493415
01/15/2020,84.68,86.32,84.68,85.72,7370869
01/16/2020,85.77,86.24,85.4,85.73,6289233
01/17/2020,85.6,85.73,84.31,84.51,8887622
01/21/2020,84.2,85.02,84.09,84.51,10873344
01/22/2020,84.54,84.67,83.69,83.74,5591574
01/23/2020,83.6,83.62,81.62,81.89,11098687
01/24/2020,82.04,82.09,79.48,80.23,11860721
01/27/2020,81.68,82.52,80.67,80.7,11192205
01/28/2020,81.61,81.62,80.22,80.34,7756358
01/29/2020,80.48,80.67,79.83,79.88,4986193
01/30/2020,79.3,79.51,77.96,78.54,9425479
01/31/2020,78.31,78.48,77.22,77.8,12871691
02/03/2020,78.09,79.32,77.71,79.04,8741938
02/04/2020,80.28,81.35,80.28,81.01,7054934
02/05/2020,81.69,83.68,81.52,83.22,9025775
02/06/2020,84.4,84.47,82.8,83.74,6762688
02/07/2020,86.18,89.29,85.36,88.53,17675133
02/10/2020,88.7,91.71,88.46,91,10977754
02/11/2020,91.48,93.23,91.24,92.2,9657670
02/12/2020,92.17,93.98,91.91,93.9,9450120
02/13/2020,93.01,93.5,91.45,91.57,9554230
02/14/2020,91.45,91.52,90.05,90.31,9013621
02/18/2020,89.96,90.75,89.56,89.91,7863779
02/19/2020,90.05,91.03,89.33,90.42,5276456
02/20/2020,90.21,90.65,88.92,90.47,4427031
02/21/2020,90.24,91.73,89.68,91.19,5881964
02/24/2020,88.52,90.15,88.49,89.47,9460662
02/25/2020,89.62,89.75,84.62,85.64,9307852
02/26/2020,85.11,87.56,84.7,84.93,8580775
02/27/2020,82.77,85.9,80.86,81.95,12305775
02/28/2020,79.52,82.31,78.35,82.23,16407609
03/02/2020,82.59,85.26,80.24,85.26,10568873
03/03/2020,85.89,87.3,82.26,84.04,10734037
03/04/2020,85.73,88.22,85.42,88.11,15396908
03/05/2020,86.53,88.07,85.88,87.04,8587990
03/06/2020,85.21,86.2,83.8,85.4,11093430
03/09/2020,80.67,83.88,79.16,81.74,14216494
03/10/2020,84.69,84.72,80.44,84.02,11465391
03/11/2020,82.4,83.2,80.26,81.49,9054038
03/12/2020,75.72,78.07,74,75.48,17664210
03/13/2020,80.05,82.9,77.5,81.86,19678954
03/16/2020,75.87,78.92,70.66,71.32,17554235
03/17/2020,72.71,74.63,67.21,70.1,19543418
03/18/2020,67.24,68.56,62.12,68.21,20487726
03/19/2020,66.36,71.88,62.74,68.23,17478407
03/20/2020,70.11,70.11,64.16,66.04,15537583
03/23/2020,64.71,65.06,60.07,61.94,16802757
03/24/2020,65.46,68.97,64.43,64.82,16231567
03/25/2020,65.23,67.88,62.96,65.22,17683527
03/26/2020,66.09,71.36,66.03,70.9,13816984
03/27/2020,68.79,72.08,67.91,69.67,10811721
03/30/2020,70.6,73.22,70.56,72.21,9403180
03/31/2020,72.41,74.83,71.49,73.09,18827121
04/01/2020,69.26,71.06,68.6,70.56,11434070
04/02/2020,69.89,72.51,68.63,72.14,7165435
04/03/2020,71.7,72.45,69.67,70.44,7107666
04/06/2020,72.22,74.2,71.09,72.62,9171688
04/07/2020,75.28,75.46,72.27,72.29,9736521
04/08/2020,73.41,75.85,71.82,75.44,9831057
04/09/2020,75.44,76.9,75.44,76.57,8015393
04/13/2020,77.46,78.1,75.54,77.19,8380451
04/14/2020,78.58,80.75,78.26,80.1,8979917
04/15/2020,78.47,80.94,77.6,79.8,7920770
04/16/2020,80.63,81.6,79.51,79.73,9509292
04/17/2020,81.87,82.64,80.41,81.38,9281082
04/20/2020,81.42,83.17,80.54,81.86,7399065
04/21/2020,80.42,80.87,77.99,78.32,7968201
04/22/2020,79.17,80.36,78.69,79.41,6000326
04/23/2020,80.1,81.71,79.88,79.97,6707549
04/24/2020,80.77,81.55,80.26,81.48,5354857
04/27/2020,81.9,82.77,81.66,82.54,8339501
04/28/2020,83.53,83.79,80.28,80.64,6283760
04/29/2020,81.6,82.6,80.06,81.61,6785088
04/30/2020,80.88,81.15,79.17,80.01,14046313
05/01/2020,79.87,82.1,78.46,80.87,10102847
05/04/2020,80.08,80.74,79.07,79.78,5833030
05/05/2020,80.85,84.29,80.5,83.2,9500375
05/06/2020,84.08,85.92,83.09,83.24,13396256
05/07/2020,84.33,84.64,81.44,82.07,10273885
05/08/2020,82.28,82.52,80.36,81.88,15974091
05/11/2020,82.79,86.22,81.85,85.61,16571317
05/12/2020,87.72,89.89,86.23,88.03,17791827
05/13/2020,88.44,89.9,85.51,86.61,16258394
05/14/2020,85.4,88.19,85.21,87.69,11743875
05/15/2020,87.73,88.84,87.15,88.46,10251691
05/18/2020,89.6,91.29,89,89.07,12611193
05/19/2020,88.95,89.33,87.29,88.84,7890657
05/20/2020,89.8,90.2,87.62,88.89,7426068
05/21/2020,88.97,90.77,88.06,90.65,7863381
05/22/2020,90.52,90.65,89.41,89.77,4182341
05/26/2020,91.16,91.2,88.02,88.31,9599030
05/27/2020,88.34,88.69,86.32,87.66,8975500
05/28/2020,88.57,88.88,87.72,87.75,7084756
05/29/2020,88.7,90.54,87.34,90.33,12233586
06/01/2020,89.74,90.7,88.39,88.4,7109657
06/02/2020,88.67,89.38,87.77,88.7,6906501
06/03/2020,89.15,89.18,87.33,88.56,7669164
06/04/2020,87.99,91.11,87.96,90.68,8033568
06/05/2020,91.13,93.12,90.46,91.45,7903153
06/08/2020,90.56,92.6,90.46,92.19,5026862
06/09/2020,92.54,94.21,92.36,93.7,7688765
06/10/2020,94.54,96.83,94.35,94.35,9663139
06/11/2020,93.27,94.44,89.7,89.92,10588816
06/12/2020,91.37,92.34,88.72,90.06,6621637
06/15/2020,88.96,91.65,88.49,90.77,6006826
06/16/2020,92.46,93.76,91.11,93.69,7538612
06/17/2020,94.4,94.64,92.86,93.29,4929776
06/18/2020,93.14,94.01,92.85,93.76,3797032
06/19/2020,95.24,95.71,93.32,94.23,8113809
06/22/2020,94.19,94.84,93.39,94.79,5331037
06/23/2020,95.93,96.59,94.59,94.81,5566845
06/24/2020,94.02,94.7,91.96,92.72,8166396
06/25/2020,92.77,94.61,91.93,94.53,5761228
06/26/2020,94.44,94.57,92.63,93.69,9997367
06/29/2020,94.06,94.86,93.26,94,6021436
06/30/2020,93.54,96.38,93.4,95.65,7233125
07/01/2020,96.01,97.14,95.03,96.64,5497602
07/02/2020,96.93,97.46,95.38,96.37,5187592
07/06/2020,97.12,97.27,95.47,96.52,6123093
07/07/2020,96.18,98.14,96.06,96.9,5480893
07/08/2020,97.26,98.02,96.05,96.77,5245537
07/09/2020,96.57,97.25,94.36,95.47,4955028
07/10/2020,95.58,95.84,93.92,94.32,5515662
07/13/2020,94.89,97.04,94.46,95.41,6454544
07/14/2020,95.67,97.77,94.65,97.58,5568509
07/15/2020,98.66,99.13,97.49,99.13,4737127
07/16/2020,98.35,98.88,97.48,98.6,3737364
07/17/2020,98.94,99.92,98.58,99.47,6215035
07/20/2020,99.41,99.89,97.92,98.19,3872195
07/21/2020,98.43,98.47,95.83,96.02,6307070
07/22/2020,96.49,96.96,95.63,96.39,3775144
07/23/2020,96.92,97.59,96.14,96.71,3914819
07/24/2020,96.73,96.87,95.16,95.77,4159100
07/27/2020,95.06,96.57,94.97,95.88,4252914
07/28/2020,95.72,96.31,95.16,95.41,3701045
07/29/2020,95.57,96.09,95.34,95.74,4756454
07/30/2020,95.02,95.44,94.12,94.81,5366420
07/31/2020,95.09,95.94,92.29,93.66,10207101
08/03/2020,93.91,95.86,93.78,94.67,5984930
08/04/2020,94.63,94.74,92.79,93.02,6828573
08/05/2020,93.2,93.53,91.88,91.98,5972908
08/06/2020,92.07,92.39,90.55,91.31,6238092
08/07/2020,91.44,91.75,90.96,91.66,4581674
08/10/2020,91.39,92.41,90.91,91.16,6089944
08/11/2020,91.07,92.04,90.89,91.45,6274835
08/12/2020,92.19,94.3,92.08,94.26,6652741
08/13/2020,93.86,94.22,92.74,93.43,5040150
08/14/2020,94.1,94.38,93.27,93.83,4857004
08/17/2020,94.01,95.95,93.98,95.06,6123354
08/18/2020,95.32,95.4,93.87,94.36,3809904
08/19/2020,95.81,96.11,94.56,94.82,6651384
08/20/2020,94.21,94.74,93.41,93.96,5853915
08/21/2020,93.92,94.04,93.05,93.6,4355800
08/24/2020,93.63,93.96,92.92,93.27,3471534
08/25/2020,92.94,93.52,92.65,92.82,5978716
08/26/2020,92.24,93.14,91.69,93.12,4860599
08/27/2020,93.06,93.78,92.41,93.04,4563035
08/28/2020,93.25,93.38,92.27,92.9,4084690
08/31/2020,92.86,94.72,92.75,94.47,8937574
09/01/2020,94.24,94.63,90.06,91.03,13500317
09/02/2020,90.83,92.97,90.67,92.68,7514428
09/03/2020,92.62,93.04,89.87,90.62,7617374
09/04/2020,90.84,91.88,89.36,90.63,7802121
09/08/2020,90.29,90.63,88.25,89.03,7480243
09/09/2020,89.64,91.19,89.29,90.41,4321374
09/10/2020,89.85,90.18,88.28,88.44,9314365
09/11/2020,88.6,89.13,87.84,88.49,7231475
09/14/2020,88.84,90.03,88.26,89.28,4644677
09/15/2020,90.17,90.74,89.42,89.68,3221230
09/16/2020,89.8,90.04,88.48,88.57,5601415
09/17/2020,88.1,89.59,87.98,88.43,4827524
09/18/2020,88.29,89.28,87.67,88.85,9103953
09/21/2020,87.94,88.23,86,87.89,5995473
09/22/2020,87.7,87.75,86.75,87.39,4556252
09/23/2020,87.8,88.07,85.95,85.97,5577334
09/24/2020,85.83,85.83,84.17,84.75,8881296
09/25/2020,84.84,85.69,84.31,85.08,8685224
09/28/2020,86.12,87.02,85.7,86.12,5385522
09/29/2020,85.94,86.11,85.15,85.7,4588882
09/30/2020,85.83,87.25,85.64,86.35,5944927
10/01/2020,86.99,86.99,85.56,85.98,5005490
10/02/2020,85.34,86.18,84.89,84.93,4551678
10/05/2020,85.33,87,85.05,86.74,4108501
10/06/2020,86.79,86.88,84.56,84.75,7495259
10/07/2020,85,86.13,84.88,85.91,4896457
10/08/2020,86.1,87.39,85.75,86.15,4737909
10/09/2020,86.24,87.51,86.18,86.52,4979866
10/12/2020,86.99,87.41,86.15,87.13,6248450
10/13/2020,86.83,87.61,86.29,86.66,6367322
10/14/2020,86.83,87.1122,85.9,86.09,4869459
10/15/2020,85.41,85.74,84.96,85.23,5234727
10/16/2020,85.89,87.15,85.757,86.28,4489985
10/19/2020,86.59,86.79,84.13,84.32,9027300
10/20/2020,84.2,84.83,83.42,84.25,5848587
10/21/2020,83.58,84.14,82.56,82.85,8341490
10/22/2020,83.02,84.89,82.92,84.31,6974229
10/23/2020,84.64,85.15,83.94,84.36,3502690
10/26/2020,84.09,84.32,82.81,83.94,5628300
10/27/2020,84,84.26,82.68,82.72,5689222
10/28/2020,81.32,82.21,80.235,80.49,8818696
10/29/2020,80.5,81.3697,79.1101,80.69,6773234
10/30/2020,83.195,86.14,83,85.25,15508174
11/02/2020,86.03,88.5401,86,88.25,8677629
11/03/2020,89.14,89.385,87.43,87.97,6943164
11/04/2020,93.135,97.49,92.6703,94.5,20573194
11/05/2020,95.36,95.52,93,93.66,6423118
11/06/2020,92.37,93.65,91.7101,92.86,5773245
11/09/2020,95.74,96.95,94.67,95.18,8170565
11/10/2020,96.01,99.13,95.625,98.86,10053016
11/11/2020,99.15,99.87,97.765,98.1738,6939615
11/12/2020,97.5,97.745,96.28,97.59,6116196
11/13/2020,97.41,99.55,97.4,99.05,5184932
11/16/2020,99.96,100.54,98.33,98.36,7341631
11/17/2020,99.37,100.26,98.74,99.21,9743268
11/18/2020,100,100.29,98.68,98.72,7261167
11/19/2020,98.76,100.15,98.59,99.67,6263710
11/20/2020,99.95,101.83,98.62,100.89,8003111
11/23/2020,101.94,102.76,101.065,102.19,6064702
11/24/2020,102.94,104.82,102.58,103.96,7382553
11/25/2020,103.82,104.46,103.39,104.2,5158301
11/27/2020,104.91,105.8,104.3,104.97,3419742
11/30/2020,105.12,105.415,103.6484,104.86,16230288
12/01/2020,105.05,106.38,104.04,104.04,5667989
12/02/2020,104,105.38,103.32,104.99,4459842
12/03/2020,105,105.7,104.3,104.68,3678529
12/04/2020,105.02,107.31,105.02,107.25,5655823
12/07/2020,107.04,107.21,104.96,105.85,5518680
12/08/2020,105.7,108.35,105.6,107.69,5306554
12/09/2020,107.9,109.15,107.63,108.61,5640458
12/10/2020,109.06,109.07,106.67,107.5,5041860
12/11/2020,107.01,107.415,105.58,106.32,4114991
12/14/2020,107.43,108.07,104.09,104.11,6317550
12/15/2020,105.44,105.45,102.32,102.84,9440902
12/16/2020,102.5,105.41,101.9034,104.66,7620477
12/17/2020,104.86,105.5,104.11,104.84,4670747
12/18/2020,105.03,105.06,103.1999,104.46,11009177
12/21/2020,102.76,103.92,101.5478,103.66,4643274
12/22/2020,103.41,103.5,102.01,102.76,3230393
12/23/2020,103.06,103.925,102.91,103.28,3006781
12/24/2020,103.11,103.39,102.6,103.3899,1100965
12/28/2020,103.65,103.875,102.72,103.45,3109196
12/29/2020,103.95,105.37,103.95,104.7,4141886
12/30/2020,105.11,106.227,105.1,105.3,4354120
12/31/2020,105.26,107.2941,104.85,107.03,4662959
01/04/2021,107.18,107.35,103.86,105.41,6542760
01/05/2021,105.41,107.02,104.63,106.55,5395609
01/06/2021,104.75,107.19,104.18,105.57,8088218
01/07/2021,106.2,107.0642,105.5663,106.69,5421865
01/08/2021,106.84,107.53,105.762,107.27,4174822
01/11/2021,107.065,109.56,107.065,109.06,5113076
